198.93	2520.85
199.74	2522.47
200.55	2523.68
201.35	2525.09
202.16	2523.88
202.97	2521.66
203.77	2522.87
204.58	2524.08
205.38	2524.48
206.19	2524.08
207.00	2526.50
207.80	2522.06
208.61	2524.08
209.41	2525.09
210.22	2522.47
211.02	2524.28
211.83	2522.67
212.64	2523.07
213.44	2524.89
214.25	2522.87
215.05	2523.07
215.86	2523.07
216.66	2524.69
217.47	2525.09
218.27	2524.08
219.08	2523.07
219.88	2523.07
220.69	2524.28
221.49	2528.32
222.30	2523.88
223.10	2522.67
223.90	2523.48
224.71	2525.49
225.51	2525.09
226.32	2524.89
227.12	2521.86
227.93	2523.07
228.73	2558.78
229.53	2524.69
230.34	2523.88
231.14	2522.27
231.95	2522.87
232.75	2523.88
233.55	2525.49
234.36	2523.07
235.16	2521.26
235.96	2523.88
236.77	2526.30
237.57	2533.76
238.38	2524.08
239.18	2522.67
239.98	2522.87
240.78	2525.09
241.59	2524.89
242.39	2523.48
243.19	2522.27
244.00	2523.27
244.80	2527.51
245.60	2525.49
246.41	2526.50
247.21	2521.46
248.01	2524.48
248.81	2525.90
249.62	2526.30
250.42	2523.88
251.22	2522.06
252.02	2523.27
252.83	2525.90
253.63	2525.09
254.43	2523.48
255.23	2522.06
256.03	2525.09
256.84	2524.89
257.64	2525.49
258.44	2524.08
259.24	2522.27
260.04	2523.88
260.84	2524.08
261.65	2526.30
262.45	2524.48
263.25	2522.47
264.05	2523.68
264.85	2524.48
265.65	2525.90
266.45	2523.07
267.25	2522.27
268.06	2523.07
268.86	2525.09
269.66	2526.70
270.46	2525.29
271.26	2524.28
272.06	2522.67
272.86	2525.09
273.66	2526.30
274.46	2524.89
275.26	2523.48
276.06	2523.88
276.86	2523.68
277.66	2526.10
278.46	2528.52
279.26	2524.48
280.06	2523.27
280.86	2525.49
281.66	2526.10
282.46	2524.28
283.26	2524.48
284.06	2523.88
284.86	2524.89
285.66	2526.91
286.46	2524.69
287.26	2522.47
288.06	2523.48
288.86	2523.27
289.66	2525.70
290.46	2525.09
291.26	2522.87
292.06	2523.27
292.85	2524.89
293.65	2526.10
294.45	2525.49
295.25	2523.27
296.05	2523.48
296.85	2524.89
297.65	2525.09
298.45	2525.70
299.24	2523.07
300.04	2523.07
300.84	2525.70
301.64	2525.09
302.44	2524.69
303.24	2523.48
304.03	2522.67
304.83	2523.88
305.63	2525.29
306.43	2526.10
307.23	2524.69
308.02	2523.07
308.82	2524.89
309.62	2525.70
310.42	2524.08
311.21	2523.07
312.01	2523.48
312.81	2530.13
313.61	2525.49
314.40	2524.89
315.20	2522.87
316.00	2523.07
316.79	2525.70
317.59	2525.29
318.39	2523.88
319.18	2523.48
319.98	2523.27
320.78	2525.49
321.57	2525.70
322.37	2524.48
323.17	2524.08
323.96	2524.48
324.76	2524.89
325.56	2525.29
326.35	2524.28
327.15	2525.09
327.95	2524.28
328.74	2524.69
329.54	2524.69
330.33	2524.69
331.13	2523.68
331.92	2523.88
332.72	2524.89
333.52	2525.90
334.31	2530.54
335.11	2523.68
335.90	2524.08
336.70	2524.89
337.49	2526.10
338.29	2525.29
339.08	2525.09
339.88	2523.48
340.67	2525.49
341.47	2525.49
342.26	2525.70
343.06	2524.48
343.85	2525.29
344.65	2524.69
345.44	2525.29
346.24	2526.91
347.03	2523.88
347.83	2523.07
348.62	2524.28
349.41	2525.09
350.21	2525.09
351.00	2525.49
351.80	2522.67
352.59	2522.27
353.38	2525.70
354.18	2525.49
354.97	2525.49
355.77	2523.07
356.56	2523.88
357.35	2525.09
358.15	2526.50
358.94	2523.88
359.73	2523.88
360.53	2524.28
361.32	2524.89
362.11	2525.90
362.91	2525.70
363.70	2523.68
364.49	2524.28
365.29	2526.50
366.08	2526.70
366.87	2525.09
367.66	2523.48
368.46	2528.12
369.25	2525.90
370.04	2525.70
370.83	2524.48
371.63	2523.27
372.42	2526.10
373.21	2525.09
374.00	2525.29
374.79	2525.09
375.59	2523.27
376.38	2523.48
377.17	2524.89
377.96	2525.49
378.75	2524.08
379.55	2523.48
380.34	2524.48
381.13	2526.10
381.92	2524.69
382.71	2524.69
383.50	2523.68
384.29	2523.07
385.09	2524.48
385.88	2523.68
386.67	2526.50
387.46	2524.08
388.25	2524.28
389.04	2525.90
389.83	2524.89
390.62	2525.70
391.41	2524.48
392.20	2523.68
392.99	2525.09
393.78	2526.10
394.57	2525.70
395.36	2524.89
396.16	2522.87
396.95	2524.89
397.74	2524.48
398.53	2525.29
399.32	2524.28
400.11	2524.08
400.90	2526.10
401.68	2525.29
402.47	2525.49
403.26	2526.70
404.05	2523.48
404.84	2524.48
405.63	2525.09
406.42	2525.29
407.21	2523.68
408.00	2523.48
408.79	2525.90
409.58	2525.09
410.37	2526.10
411.16	2523.88
411.95	2524.08
412.73	2524.69
413.52	2527.11
414.31	2525.29
415.10	2523.48
415.89	2524.08
416.68	2527.11
417.47	2525.70
418.25	2524.48
419.04	2524.48
419.83	2522.47
420.62	2528.12
421.41	2525.70
422.19	2523.68
422.98	2524.08
423.77	2523.27
424.56	2524.89
425.34	2528.32
426.13	2525.09
426.92	2524.28
427.71	2524.28
428.49	2525.70
429.28	2527.71
430.07	2524.48
430.86	2523.68
431.64	2525.49
432.43	2526.10
433.22	2525.90
434.00	2524.08
434.79	2524.48
435.58	2524.69
436.36	2525.90
437.15	2524.48
437.94	2524.08
438.72	2524.08
439.51	2524.89
440.30	2526.50
441.08	2525.29
441.87	2524.08
442.66	2523.68
443.44	2525.29
444.23	2526.50
445.01	2525.29
445.80	2525.29
446.58	2524.48
447.37	2525.29
448.16	2526.10
448.94	2528.72
449.73	2524.89
450.51	2524.28
451.30	2523.27
452.08	2525.49
452.87	2525.90
453.65	2524.28
454.44	2525.09
455.22	2523.68
456.01	2525.70
456.79	2525.49
457.58	2523.68
458.36	2525.49
459.15	2524.89
459.93	2526.10
460.72	2526.91
461.50	2523.07
462.28	2524.69
463.07	2523.88
463.85	2525.90
464.64	2524.48
465.42	2527.11
466.20	2523.48
466.99	2523.88
467.77	2525.70
468.56	2525.29
469.34	2524.48
470.12	2523.07
470.91	2525.09
471.69	2526.91
472.47	2526.10
473.26	2525.29
474.04	2523.48
474.82	2525.29
475.61	2525.70
476.39	2528.12
477.17	2524.28
477.96	2523.07
478.74	2524.48
479.52	2527.31
480.30	2526.10
481.09	2524.48
481.87	2524.48
482.65	2524.48
483.43	2525.70
484.22	2528.52
485.00	2524.48
485.78	2523.48
486.56	2524.48
487.34	2527.11
488.13	2527.11
488.91	2523.88
489.69	2522.67
490.47	2526.10
491.25	2525.90
492.04	2526.70
492.82	2523.88
493.60	2523.88
494.38	2525.29
495.16	2527.11
495.94	2526.91
496.72	2523.68
497.50	2522.67
498.29	2523.48
499.07	2525.09
499.85	2526.50
500.63	2524.48
501.41	2522.47
502.19	2524.28
502.97	2526.30
503.75	2527.31
504.53	2524.89
505.31	2522.47
506.09	2525.09
506.87	2525.09
507.65	2526.30
508.43	2523.07
509.21	2522.27
509.99	2524.69
510.77	2526.70
511.55	2529.53
512.33	2524.28
513.11	2523.27
513.89	2524.89
514.67	2525.90
515.45	2526.30
516.23	2524.89
517.01	2522.67
517.79	2525.09
518.57	2526.30
519.34	2527.11
520.12	2523.27
520.90	2522.27
521.68	2525.70
522.46	2526.50
523.24	2526.10
524.02	2523.88
524.80	2525.70
525.57	2524.48
526.35	2526.50
527.13	2525.70
527.91	2525.09
528.69	2523.88
529.46	2523.07
530.24	2524.28
531.02	2526.70
531.80	2524.89
532.58	2523.07
533.35	2525.90
534.13	2526.30
534.91	2527.31
535.69	2525.70
536.46	2522.87
537.24	2523.27
538.02	2526.10
538.80	2526.91
539.57	2524.89
540.35	2524.28
541.13	2524.89
541.90	2527.31
542.68	2528.72
543.46	2525.70
544.23	2525.09
545.01	2539.62
545.79	2527.11
546.56	2528.72
547.34	2527.31
548.12	2525.09
548.89	2524.69
549.67	2526.70
550.44	2527.71
551.22	2525.49
552.00	2524.08
552.77	2523.88
553.55	2526.70
554.32	2528.92
555.10	2525.09
555.87	2524.08
556.65	2523.07
557.43	2525.49
558.20	2526.70
558.98	2525.09
559.75	2523.48
560.53	2523.68
561.30	2526.91
562.08	2526.70
562.85	2523.48
563.63	2523.68
564.40	2524.28
565.17	2526.50
565.95	2526.91
566.72	2525.29
567.50	2523.27
568.27	2524.08
569.05	2526.50
569.82	2526.50
570.60	2524.89
571.37	2523.27
572.14	2523.88
572.92	2526.91
573.69	2526.30
574.46	2524.08
575.24	2523.07
576.01	2523.07
576.79	2524.69
577.56	2526.50
578.33	2527.11
579.11	2523.88
579.88	2524.69
580.65	2528.52
581.42	2530.34
582.20	2526.70
582.97	2525.90
583.74	2524.08
584.52	2527.31
585.29	2528.92
586.06	2527.11
586.83	2524.69
587.61	2525.29
588.38	2526.10
589.15	2528.12
589.92	2527.51
590.69	2524.69
591.47	2523.48
592.24	2527.71
593.01	2527.31
593.78	2527.71
594.55	2523.88
595.33	2524.69
596.10	2524.69
596.87	2526.70
597.64	2526.50
598.41	2523.88
599.18	2523.48
599.95	2525.49
600.73	2526.70
601.50	2525.90
602.27	2524.89
603.04	2524.48
603.81	2524.89
604.58	2529.73
605.35	2526.50
606.12	2524.69
606.89	2525.09
607.66	2525.09
608.43	2527.11
609.20	2529.12
609.97	2528.72
610.74	2529.73
611.51	2532.35
612.28	2533.76
613.05	2532.55
613.82	2530.34
614.59	2530.54
615.36	2528.72
616.13	2527.91
616.90	2527.91
617.67	2527.91
618.44	2525.70
619.21	2526.50
619.98	2526.30
620.75	2526.91
621.52	2526.30
622.29	2525.29
623.05	2526.30
623.82	2526.10
624.59	2525.90
625.36	2524.69
626.13	2524.69
626.90	2526.91
627.67	2526.70
628.43	2527.31
629.20	2524.69
629.97	2526.91
630.74	2528.92
631.51	2527.31
632.28	2525.70
633.04	2528.72
633.81	2526.30
634.58	2528.12
635.35	2526.30
636.11	2524.48
636.88	2524.89
637.65	2524.69
638.42	2527.31
639.18	2526.50
639.95	2524.89
640.72	2524.89
641.48	2524.89
642.25	2525.09
643.02	2525.70
643.79	2524.89
644.55	2525.09
645.32	2525.70
646.09	2526.70
646.85	2526.10
647.62	2524.28
648.38	2523.88
649.15	2524.89
649.92	2525.49
650.68	2524.69
651.45	2524.08
652.22	2525.29
652.98	2524.48
653.75	2526.50
654.51	2525.29
655.28	2524.69
656.04	2524.48
656.81	2524.69
657.57	2526.50
658.34	2525.90
659.10	2523.88
659.87	2525.49
660.64	2524.89
661.40	2524.69
662.17	2525.49
662.93	2524.48
663.69	2523.68
664.46	2524.28
665.22	2525.49
665.99	2526.10
666.75	2524.28
667.52	2524.28
668.28	2525.70
669.05	2527.11
669.81	2528.32
670.57	2523.68
671.34	2524.28
672.10	2525.09
672.87	2526.50
673.63	2524.48
674.39	2523.88
675.16	2524.48
675.92	2526.50
676.68	2526.91
677.45	2526.30
678.21	2524.08
678.97	2524.28
679.74	2525.70
680.50	2526.50
681.26	2524.89
682.03	2524.28
682.79	2525.09
683.55	2525.29
684.31	2525.49
685.08	2525.70
685.84	2523.68
686.60	2524.69
687.36	2525.29
688.12	2527.31
688.89	2526.10
689.65	2523.27
690.41	2524.89
691.17	2525.70
691.93	2525.70
692.70	2524.89
693.46	2525.49
694.22	2524.08
694.98	2525.90
695.74	2525.70
696.50	2525.70
697.27	2525.09
698.03	2525.29
698.79	2523.88
699.55	2525.90
700.31	2525.49
701.07	2525.29
701.83	2524.28
702.59	2526.10
703.35	2525.49
704.11	2525.29
704.87	2523.88
705.63	2524.48
706.39	2526.50
707.15	2527.11
707.91	2527.71
708.67	2525.49
709.43	2524.89
710.19	2527.51
710.95	2527.11
711.71	2525.70
712.47	2524.69
713.23	2525.09
713.99	2526.30
714.75	2526.70
715.51	2524.08
716.27	2524.89
717.03	2522.47
717.79	2524.48
718.55	2526.70
719.31	2525.90
720.07	2523.27
720.82	2523.07
721.58	2524.69
722.34	2526.50
723.10	2525.29
723.86	2524.28
724.62	2523.27
725.38	2525.70
726.13	2524.69
726.89	2525.49
727.65	2525.09
728.41	2526.30
729.17	2524.08
729.92	2526.91
730.68	2527.31
731.44	2523.88
732.20	2524.48
732.95	2525.09
733.71	2525.90
734.47	2526.30
735.23	2524.89
735.98	2525.29
736.74	2524.69
737.50	2525.90
738.25	2525.49
739.01	2524.69
739.77	2524.69
740.52	2524.69
741.28	2525.09
742.04	2526.30
742.79	2525.90
743.55	2525.09
744.31	2525.29
745.06	2525.29
745.82	2525.09
746.57	2524.89
747.33	2525.29
748.09	2523.88
748.84	2526.10
749.60	2526.70
750.35	2525.09
751.11	2524.28
751.86	2525.70
752.62	2526.50
753.37	2525.70
754.13	2525.29
754.88	2524.89
755.64	2524.89
756.39	2525.70
757.15	2528.52
757.90	2524.89
758.66	2524.48
759.41	2526.91
760.17	2524.08
760.92	2524.48
761.68	2525.70
762.43	2525.70
763.18	2523.88
763.94	2526.30
764.69	2525.90
765.45	2525.09
766.20	2524.08
766.95	2523.68
767.71	2525.70
768.46	2525.90
769.21	2525.09
769.97	2523.27
770.72	2524.08
771.48	2525.49
772.23	2525.49
772.98	2527.11
773.73	2523.27
774.49	2523.27
775.24	2526.30
775.99	2526.30
776.75	2525.49
777.50	2523.48
778.25	2524.28
779.00	2527.11
779.76	2527.11
780.51	2525.90
781.26	2524.48
782.01	2523.68
782.76	2525.09
783.52	2525.49
784.27	2525.49
785.02	2522.87
785.77	2524.48
786.52	2525.49
787.27	2526.91
788.03	2525.09
788.78	2523.68
789.53	2523.07
790.28	2524.89
791.03	2526.10
791.78	2524.89
792.53	2523.48
793.28	2527.71
794.03	2526.30
794.79	2524.69
795.54	2524.89
796.29	2523.07
797.04	2524.69
797.79	2526.70
798.54	2528.52
799.29	2524.28
800.04	2523.88
800.79	2526.10
801.54	2525.49
802.29	2525.70
803.04	2525.49
803.79	2524.28
804.54	2527.91
805.29	2524.89
806.04	2525.49
806.78	2524.69
807.53	2525.70
808.28	2523.07
809.03	2523.68
809.78	2525.29
810.53	2540.42
811.28	2524.08
812.03	2525.49
812.78	2524.89
813.52	2526.30
814.27	2525.90
815.02	2523.48
815.77	2524.28
816.52	2524.08
817.27	2525.70
818.01	2524.89
818.76	2523.68
819.51	2523.88
820.26	2524.48
821.01	2525.70
821.75	2526.10
822.50	2523.48
823.25	2524.28
824.00	2525.29
824.74	2526.10
825.49	2525.49
826.24	2523.88
826.98	2524.48
827.73	2524.69
828.48	2526.70
829.23	2525.49
829.97	2525.29
830.72	2523.48
831.47	2525.29
832.21	2526.30
832.96	2526.10
833.70	2524.48
834.45	2525.70
835.20	2525.09
835.94	2526.30
836.69	2524.89
837.43	2523.27
838.18	2523.68
838.93	2525.29
839.67	2526.30
840.42	2525.29
841.16	2523.48
841.91	2523.48
842.65	2525.29
843.40	2525.29
844.14	2526.10
844.89	2523.07
845.63	2524.28
846.38	2524.89
847.12	2525.49
847.87	2524.89
848.61	2523.27
849.36	2523.27
850.10	2525.49
850.85	2526.30
851.59	2523.88
852.33	2524.89
853.08	2524.08
853.82	2526.50
854.57	2528.32
855.31	2524.48
856.05	2524.69
856.80	2524.48
857.54	2525.70
858.28	2525.29
859.03	2524.89
859.77	2523.07
860.51	2524.69
861.26	2526.50
862.00	2525.90
862.74	2523.68
863.49	2523.27
864.23	2522.67
864.97	2527.31
865.71	2525.49
866.46	2524.08
867.20	2524.69
867.94	2525.90
868.68	2525.49
869.43	2541.03
870.17	2524.28
870.91	2522.67
871.65	2523.48
872.39	2524.48
873.14	2527.11
873.88	2524.28
874.62	2524.48
875.36	2524.69
876.10	2524.89
876.84	2526.70
877.58	2524.28
878.33	2523.27
879.07	2523.27
879.81	2526.91
880.55	2526.10
881.29	2526.10
882.03	2523.88
882.77	2524.28
883.51	2526.10
884.25	2525.90
884.99	2526.10
885.73	2523.68
886.47	2525.09
887.21	2526.70
887.95	2527.71
888.69	2524.89
889.43	2523.88
890.17	2524.89
890.91	2525.29
891.65	2524.69
892.39	2524.69
893.13	2524.69
893.87	2523.68
894.61	2525.29
895.35	2526.10
896.09	2526.50
896.83	2523.88
897.56	2524.69
898.30	2525.09
899.04	2526.10
899.78	2524.69
900.52	2524.48
901.26	2524.48
902.00	2525.49
902.73	2529.53
903.47	2525.29
904.21	2523.07
904.95	2524.69
905.69	2526.70
906.42	2526.70
907.16	2527.11
907.90	2524.08
908.64	2524.89
909.37	2526.30
910.11	2526.10
910.85	2525.09
911.59	2524.08
912.32	2523.27
913.06	2524.89
913.80	2525.49
914.53	2523.27
915.27	2523.68
916.01	2524.28
916.74	2527.11
917.48	2527.51
918.22	2525.29
918.95	2524.48
919.69	2523.88
920.43	2524.28
921.16	2526.91
921.90	2523.07
922.63	2523.68
923.37	2524.28
924.10	2527.51
924.84	2525.49
925.58	2523.07
926.31	2523.48
927.05	2525.09
927.78	2526.10
928.52	2526.70
929.25	2524.48
929.99	2524.08
930.72	2524.89
931.46	2529.73
932.19	2526.50
932.93	2524.28
933.66	2524.69
934.39	2524.08
935.13	2525.09
935.86	2526.50
936.60	2525.09
937.33	2525.09
938.07	2525.29
938.80	2526.30
939.53	2526.30
940.27	2526.30
941.00	2523.27
941.73	2523.68
942.47	2524.08
943.20	2526.50
943.93	2525.29
944.67	2523.07
945.40	2524.48
946.13	2525.09
946.87	2526.30
947.60	2524.89
948.33	2523.27
949.06	2524.89
949.80	2526.10
950.53	2526.70
951.26	2525.70
951.99	2524.89
952.73	2524.89
953.46	2526.10
954.19	2529.73
954.92	2525.49
955.65	2524.08
956.39	2523.48
957.12	2526.70
957.85	2528.92
958.58	2525.49
959.31	2523.88
960.04	2524.28
960.78	2527.51
961.51	2526.91
962.24	2525.90
962.97	2524.08
963.70	2524.08
964.43	2527.11
965.16	2527.11
965.89	2524.48
966.62	2525.29
967.35	2524.08
968.08	2525.29
968.81	2525.90
969.54	2524.69
970.27	2523.88
971.00	2525.29
971.73	2525.90
972.46	2525.09
973.19	2525.09
973.92	2524.48
974.65	2524.89
975.38	2526.50
976.11	2524.89
976.84	2525.29
977.57	2524.89
978.30	2523.88
979.03	2526.70
979.76	2526.10
980.48	2525.90
981.21	2524.69
981.94	2524.89
982.67	2524.69
983.40	2528.72
984.13	2525.70
984.85	2523.68
985.58	2524.28
986.31	2525.09
987.04	2522.67
987.77	2522.06
988.49	2524.48
989.22	2524.08
989.95	2523.27
990.68	2520.25
991.40	2522.27
992.13	2524.48
992.86	2524.48
993.59	2522.87
994.31	2524.69
995.04	2524.89
995.77	2524.08
996.49	2524.69
997.22	2524.69
997.95	2524.69
998.67	2523.07
999.40	2522.27
1000.13	2522.27
1000.85	2522.27
