198.93	2523.27
199.74	2522.87
200.55	2522.67
201.35	2523.48
202.16	2524.08
202.97	2522.87
203.77	2523.68
204.58	2523.27
205.38	2523.68
206.19	2525.09
207.00	2528.32
207.80	2523.07
208.61	2523.07
209.41	2524.28
210.22	2523.68
211.02	2525.29
211.83	2523.68
212.64	2522.47
213.44	2522.47
214.25	2524.89
215.05	2524.69
215.86	2524.28
216.66	2522.67
217.47	2524.28
218.27	2523.88
219.08	2525.29
219.88	2523.07
220.69	2522.67
221.49	2527.31
222.30	2524.48
223.10	2524.28
223.90	2523.68
224.71	2524.89
225.51	2523.48
226.32	2525.29
227.12	2523.27
227.93	2524.48
228.73	2559.59
229.53	2523.48
230.34	2523.68
231.14	2524.28
231.95	2523.48
232.75	2523.27
233.55	2524.48
234.36	2522.47
235.16	2524.28
235.96	2525.09
236.77	2525.09
237.57	2532.96
238.38	2524.48
239.18	2524.48
239.98	2524.48
240.78	2524.28
241.59	2524.08
242.39	2524.48
243.19	2524.28
244.00	2525.09
244.80	2524.89
245.60	2523.88
246.41	2525.90
247.21	2524.69
248.01	2525.49
248.81	2525.90
249.62	2524.89
250.42	2525.09
251.22	2524.89
252.02	2525.09
252.83	2524.28
253.63	2523.68
254.43	2523.07
255.23	2524.89
256.03	2525.29
256.84	2524.69
257.64	2524.48
258.44	2524.48
259.24	2524.69
260.04	2524.48
260.84	2523.68
261.65	2524.48
262.45	2524.08
263.25	2524.69
264.05	2524.48
264.85	2523.68
265.65	2524.28
266.45	2524.08
267.25	2524.89
268.06	2523.68
268.86	2524.69
269.66	2524.08
270.46	2524.69
271.26	2525.49
272.06	2524.08
272.86	2523.48
273.66	2523.68
274.46	2525.90
275.26	2524.89
276.06	2525.90
276.86	2523.07
277.66	2523.27
278.46	2527.71
279.26	2526.30
280.06	2524.89
280.86	2524.28
281.66	2523.27
282.46	2524.48
283.26	2527.11
284.06	2526.50
284.86	2524.28
285.66	2524.28
286.46	2523.68
287.26	2525.90
288.06	2527.11
288.86	2523.48
289.66	2523.27
290.46	2524.28
291.26	2525.09
292.06	2526.10
292.85	2524.69
293.65	2524.89
294.45	2524.08
295.25	2525.90
296.05	2526.70
296.85	2526.30
297.65	2522.87
298.45	2523.88
299.24	2525.49
300.04	2527.11
300.84	2525.09
301.64	2523.68
302.44	2523.27
303.24	2523.88
304.03	2526.10
304.83	2525.29
305.63	2523.27
306.43	2523.27
307.23	2526.91
308.02	2526.50
308.82	2526.50
309.62	2523.48
310.42	2524.08
311.21	2525.09
312.01	2527.11
312.81	2531.34
313.61	2523.27
314.40	2523.48
315.20	2525.09
316.00	2527.11
316.79	2525.49
317.59	2524.28
318.39	2522.67
319.18	2523.88
319.98	2525.90
320.78	2526.30
321.57	2523.27
322.37	2523.48
323.17	2525.29
323.96	2525.70
324.76	2525.70
325.56	2524.48
326.35	2522.67
327.15	2525.09
327.95	2526.10
328.74	2526.30
329.54	2524.69
330.33	2523.27
331.13	2523.48
331.92	2525.09
332.72	2526.30
333.52	2524.08
334.31	2528.92
335.11	2523.88
335.90	2525.09
336.70	2526.10
337.49	2526.50
338.29	2522.87
339.08	2525.49
339.88	2525.70
340.67	2526.91
341.47	2525.29
342.26	2524.28
343.06	2525.09
343.85	2526.70
344.65	2526.10
345.44	2525.29
346.24	2524.28
347.03	2524.08
347.83	2524.48
348.62	2526.10
349.41	2524.69
350.21	2524.48
351.00	2525.49
351.80	2525.09
352.59	2524.69
353.38	2525.70
354.18	2525.70
354.97	2525.09
355.77	2523.88
356.56	2525.09
357.35	2525.09
358.15	2525.70
358.94	2524.08
359.73	2525.09
360.53	2524.28
361.32	2525.29
362.11	2525.09
362.91	2525.70
363.70	2525.49
364.49	2524.48
365.29	2527.31
366.08	2526.91
366.87	2525.09
367.66	2523.27
368.46	2529.33
369.25	2525.29
370.04	2526.10
370.83	2525.09
371.63	2525.70
372.42	2526.30
373.21	2524.69
374.00	2525.90
374.79	2525.70
375.59	2525.09
376.38	2526.10
377.17	2525.29
377.96	2526.30
378.75	2525.09
379.55	2525.70
380.34	2525.70
381.13	2525.90
381.92	2526.30
382.71	2527.51
383.50	2525.90
384.29	2525.49
385.09	2526.30
385.88	2525.29
386.67	2527.11
387.46	2527.31
388.25	2526.70
389.04	2526.10
389.83	2526.91
390.62	2527.71
391.41	2528.92
392.20	2528.72
392.99	2527.51
393.78	2529.33
394.57	2528.32
395.36	2530.13
396.16	2531.34
396.95	2530.13
397.74	2531.34
398.53	2532.76
399.32	2536.39
400.11	2539.01
400.90	2541.43
401.68	2543.04
402.47	2546.47
403.26	2553.74
404.05	2555.75
404.84	2560.39
405.63	2564.43
406.42	2569.67
407.21	2576.94
408.00	2581.78
408.79	2587.63
409.58	2592.07
410.37	2599.33
411.16	2603.36
411.95	2608.21
412.73	2613.85
413.52	2617.89
414.31	2623.13
415.10	2628.58
415.89	2631.81
416.68	2638.26
417.47	2638.87
418.25	2642.50
419.04	2645.73
419.83	2649.16
420.62	2652.79
421.41	2655.01
422.19	2658.03
422.98	2657.83
423.77	2659.85
424.56	2665.50
425.34	2666.51
426.13	2665.70
426.92	2669.33
427.71	2668.93
428.49	2666.71
429.28	2672.15
430.07	2669.13
430.86	2671.95
431.64	2672.36
432.43	2668.32
433.22	2669.73
434.00	2666.71
434.79	2669.94
435.58	2667.11
436.36	2668.93
437.15	2664.29
437.94	2662.87
438.72	2662.87
439.51	2664.09
440.30	2661.46
441.08	2659.65
441.87	2657.23
442.66	2658.44
443.44	2659.04
444.23	2655.61
445.01	2655.61
445.80	2657.43
446.58	2652.79
447.37	2655.21
448.16	2651.58
448.94	2654.20
449.73	2649.36
450.51	2647.54
451.30	2649.76
452.08	2646.13
452.87	2648.15
453.65	2644.52
454.44	2640.48
455.22	2641.69
456.01	2639.47
456.79	2636.85
457.58	2636.85
458.36	2637.46
459.15	2635.24
459.93	2634.43
460.72	2633.22
461.50	2627.57
462.28	2628.78
463.07	2624.55
463.85	2624.14
464.64	2620.71
465.42	2623.34
466.20	2618.29
466.99	2614.86
467.77	2614.46
468.56	2614.46
469.34	2611.23
470.12	2612.24
470.91	2609.62
471.69	2609.42
472.47	2607.80
473.26	2604.98
474.04	2604.57
474.82	2601.55
475.61	2600.34
476.39	2599.33
477.17	2596.91
477.96	2594.08
478.74	2594.69
479.52	2593.28
480.30	2591.06
481.09	2587.83
481.87	2588.64
482.65	2589.44
483.43	2586.01
484.22	2589.44
485.00	2584.20
485.78	2581.98
486.56	2582.59
487.34	2581.58
488.13	2580.97
488.91	2578.15
489.69	2576.33
490.47	2578.55
491.25	2575.32
492.04	2573.31
492.82	2570.68
493.60	2571.89
494.38	2572.30
495.16	2571.09
495.94	2570.08
496.72	2566.85
497.50	2564.83
498.29	2565.64
499.07	2566.04
499.85	2563.82
500.63	2560.80
501.41	2559.79
502.19	2560.80
502.97	2562.01
503.75	2559.99
504.53	2557.57
505.31	2556.36
506.09	2555.75
506.87	2556.96
507.65	2556.16
508.43	2553.33
509.21	2550.71
509.99	2553.33
510.77	2555.75
511.55	2555.96
512.33	2550.71
513.11	2548.90
513.89	2550.51
514.67	2550.51
515.45	2551.32
516.23	2545.87
517.01	2546.47
517.79	2546.47
518.57	2548.09
519.34	2548.49
520.12	2543.25
520.90	2542.44
521.68	2544.26
522.46	2546.07
523.24	2546.27
524.02	2543.04
524.80	2543.45
525.57	2542.04
526.35	2543.45
527.13	2541.83
527.91	2541.03
528.69	2539.41
529.46	2537.40
530.24	2540.02
531.02	2541.43
531.80	2540.22
532.58	2538.00
533.35	2538.81
534.13	2539.41
534.91	2540.62
535.69	2538.81
536.46	2535.38
537.24	2534.57
538.02	2537.40
538.80	2538.81
539.57	2537.40
540.35	2535.38
541.13	2534.98
541.90	2537.19
542.68	2537.40
543.46	2537.40
544.23	2535.58
545.01	2549.50
545.79	2535.58
546.56	2536.79
547.34	2537.80
548.12	2534.98
548.89	2532.15
549.67	2533.97
550.44	2535.58
551.22	2536.19
552.00	2532.15
552.77	2530.94
553.55	2531.14
554.32	2535.78
555.10	2533.36
555.87	2532.96
556.65	2530.13
557.43	2530.94
558.20	2531.14
558.98	2532.76
559.75	2531.55
560.53	2528.72
561.30	2529.33
562.08	2530.74
562.85	2531.75
563.63	2531.14
564.40	2530.54
565.17	2528.12
565.95	2530.34
566.72	2531.34
567.50	2531.55
568.27	2528.52
569.05	2528.32
569.82	2529.53
570.60	2531.14
571.37	2530.13
572.14	2529.53
572.92	2528.32
573.69	2528.92
574.46	2530.13
575.24	2529.73
576.01	2526.91
576.79	2526.91
577.56	2529.12
578.33	2530.34
579.11	2531.14
579.88	2529.93
580.65	2529.73
581.42	2530.94
582.20	2531.34
582.97	2531.95
583.74	2527.91
584.52	2527.91
585.29	2529.93
586.06	2530.94
586.83	2530.94
587.61	2530.13
588.38	2528.32
589.15	2528.92
589.92	2529.93
590.69	2530.13
591.47	2528.52
592.24	2528.32
593.01	2528.32
593.78	2530.74
594.55	2528.32
595.33	2528.12
596.10	2526.91
596.87	2526.50
597.64	2528.52
598.41	2528.92
599.18	2528.32
599.95	2527.11
600.73	2527.31
601.50	2527.91
602.27	2529.73
603.04	2527.91
603.81	2526.30
604.58	2529.53
605.35	2527.91
606.12	2527.91
606.89	2528.32
607.66	2526.10
608.43	2528.92
609.20	2529.12
609.97	2531.75
610.74	2533.16
611.51	2533.36
612.28	2534.37
613.05	2533.56
613.82	2534.17
614.59	2533.16
615.36	2530.74
616.13	2529.93
616.90	2529.33
617.67	2530.54
618.44	2528.92
619.21	2527.91
619.98	2527.51
620.75	2527.51
621.52	2527.71
622.29	2528.12
623.05	2527.11
623.82	2525.49
624.59	2528.32
625.36	2527.71
626.13	2527.31
626.90	2527.91
627.67	2527.71
628.43	2527.91
629.20	2526.50
629.97	2528.12
630.74	2529.33
631.51	2527.51
632.28	2528.12
633.04	2529.73
633.81	2527.11
634.58	2526.70
635.35	2526.70
636.11	2525.90
636.88	2526.50
637.65	2526.50
638.42	2526.30
639.18	2526.50
639.95	2526.10
640.72	2526.30
641.48	2525.49
642.25	2525.90
643.02	2525.70
643.79	2527.91
644.55	2527.11
645.32	2526.70
646.09	2525.29
646.85	2526.30
647.62	2526.91
648.38	2526.10
649.15	2526.10
649.92	2525.29
650.68	2526.30
651.45	2526.70
652.22	2527.91
652.98	2524.89
653.75	2525.49
654.51	2526.91
655.28	2527.31
656.04	2525.70
656.81	2524.69
657.57	2525.90
658.34	2526.50
659.10	2525.29
659.87	2526.50
660.64	2525.29
661.40	2525.09
662.17	2525.90
662.93	2526.91
663.69	2526.10
664.46	2525.90
665.22	2525.49
665.99	2525.70
666.75	2526.10
667.52	2525.29
668.28	2524.89
669.05	2525.90
669.81	2526.91
670.57	2526.10
671.34	2526.30
672.10	2525.29
672.87	2525.09
673.63	2524.48
674.39	2526.30
675.16	2525.49
675.92	2526.10
676.68	2524.89
677.45	2525.70
678.21	2525.90
678.97	2525.49
679.74	2526.30
680.50	2526.30
681.26	2524.69
682.03	2525.70
682.79	2527.31
683.55	2525.90
684.31	2523.88
685.08	2525.09
685.84	2525.70
686.60	2526.50
687.36	2525.90
688.12	2525.90
688.89	2525.90
689.65	2526.10
690.41	2525.90
691.17	2525.49
691.93	2523.88
692.70	2524.48
693.46	2526.50
694.22	2525.09
694.98	2527.31
695.74	2525.29
696.50	2525.90
697.27	2526.10
698.03	2525.70
698.79	2526.30
699.55	2526.10
700.31	2524.89
701.07	2526.30
701.83	2526.30
702.59	2525.29
703.35	2526.30
704.11	2525.09
704.87	2526.30
705.63	2525.09
706.39	2526.50
707.15	2527.31
707.91	2527.31
708.67	2525.90
709.43	2527.31
710.19	2526.50
710.95	2527.91
711.71	2526.70
712.47	2526.91
713.23	2525.70
713.99	2525.29
714.75	2526.10
715.51	2526.50
716.27	2525.29
717.03	2525.29
717.79	2526.50
718.55	2524.28
719.31	2525.29
720.07	2524.69
720.82	2525.49
721.58	2526.30
722.34	2525.70
723.10	2525.09
723.86	2523.27
724.62	2526.10
725.38	2526.70
726.13	2526.30
726.89	2524.08
727.65	2524.08
728.41	2526.91
729.17	2525.29
729.92	2526.10
730.68	2525.70
731.44	2523.68
732.20	2524.69
732.95	2526.30
733.71	2525.49
734.47	2524.89
735.23	2524.48
735.98	2524.89
736.74	2525.29
737.50	2525.29
738.25	2525.09
739.01	2524.28
739.77	2524.89
740.52	2526.10
741.28	2525.49
742.04	2524.89
742.79	2525.09
743.55	2525.90
744.31	2527.11
745.06	2526.50
745.82	2524.48
746.57	2524.69
747.33	2526.50
748.09	2523.88
748.84	2526.70
749.60	2524.89
750.35	2523.88
751.11	2523.68
751.86	2526.30
752.62	2526.30
753.37	2525.49
754.13	2524.28
754.88	2525.70
755.64	2526.10
756.39	2525.90
757.15	2528.32
757.90	2524.69
758.66	2524.28
759.41	2528.52
760.17	2525.09
760.92	2525.09
761.68	2525.70
762.43	2526.30
763.18	2524.69
763.94	2526.70
764.69	2525.90
765.45	2525.09
766.20	2525.09
766.95	2525.29
767.71	2527.51
768.46	2525.90
769.21	2526.30
769.97	2524.28
770.72	2524.48
771.48	2526.10
772.23	2525.49
772.98	2526.30
773.73	2523.68
774.49	2523.68
775.24	2528.52
775.99	2526.70
776.75	2525.29
777.50	2523.27
778.25	2523.88
779.00	2527.31
779.76	2525.90
780.51	2525.70
781.26	2523.88
782.01	2523.88
782.76	2525.70
783.52	2527.11
784.27	2525.70
785.02	2524.28
785.77	2524.48
786.52	2526.30
787.27	2526.70
788.03	2526.10
788.78	2524.08
789.53	2523.68
790.28	2524.69
791.03	2525.09
791.78	2526.30
792.53	2524.69
793.28	2526.91
794.03	2526.50
794.79	2526.70
795.54	2526.30
796.29	2524.69
797.04	2524.48
797.79	2526.30
798.54	2528.72
799.29	2526.91
800.04	2525.70
800.79	2525.49
801.54	2524.69
802.29	2525.70
803.04	2526.30
803.79	2523.88
804.54	2527.71
805.29	2524.69
806.04	2525.09
806.78	2525.90
807.53	2527.31
808.28	2524.08
809.03	2523.27
809.78	2525.49
810.53	2541.63
811.28	2525.29
812.03	2524.89
812.78	2523.68
813.52	2525.90
814.27	2526.91
815.02	2525.09
815.77	2523.88
816.52	2523.68
817.27	2526.10
818.01	2525.90
818.76	2525.70
819.51	2524.28
820.26	2523.48
821.01	2525.09
821.75	2526.50
822.50	2525.49
823.25	2524.89
824.00	2523.88
824.74	2525.29
825.49	2526.10
826.24	2525.49
826.98	2524.48
827.73	2522.87
828.48	2526.50
829.23	2526.50
829.97	2526.50
830.72	2525.29
831.47	2523.48
832.21	2524.69
832.96	2525.70
833.70	2526.70
834.45	2525.70
835.20	2523.68
835.94	2524.48
836.69	2525.90
837.43	2526.50
838.18	2524.48
838.93	2524.89
839.67	2525.29
840.42	2525.09
841.16	2525.90
841.91	2525.29
842.65	2524.89
843.40	2523.88
844.14	2525.29
844.89	2525.09
845.63	2525.29
846.38	2524.89
847.12	2524.69
847.87	2524.48
848.61	2525.29
849.36	2526.50
850.10	2525.09
850.85	2525.29
851.59	2524.48
852.33	2526.10
853.08	2526.50
853.82	2528.32
854.57	2526.30
855.31	2525.29
856.05	2525.90
856.80	2525.49
857.54	2524.69
858.28	2524.08
859.03	2524.89
859.77	2524.08
860.51	2526.70
861.26	2525.70
862.00	2525.70
862.74	2523.88
863.49	2525.49
864.23	2525.29
864.97	2526.50
865.71	2524.08
866.46	2523.68
867.20	2526.70
867.94	2527.51
868.68	2525.90
869.43	2539.62
870.17	2524.08
870.91	2525.49
871.65	2525.49
872.39	2524.69
873.14	2525.49
873.88	2524.28
874.62	2525.09
875.36	2525.49
876.10	2525.90
876.84	2525.70
877.58	2525.09
878.33	2523.88
879.07	2524.08
879.81	2524.28
880.55	2525.70
881.29	2524.08
882.03	2525.70
882.77	2525.29
883.51	2525.70
884.25	2525.90
884.99	2525.29
885.73	2524.89
886.47	2524.48
887.21	2525.70
887.95	2526.30
888.69	2525.09
889.43	2524.28
890.17	2524.48
890.91	2525.09
891.65	2525.29
892.39	2524.48
893.13	2524.28
893.87	2524.48
894.61	2524.28
895.35	2524.69
896.09	2526.30
896.83	2524.69
897.56	2525.49
898.30	2524.69
899.04	2526.30
899.78	2524.89
900.52	2524.89
901.26	2524.08
902.00	2525.70
902.73	2528.92
903.47	2523.88
904.21	2524.08
904.95	2524.69
905.69	2525.49
906.42	2526.91
907.16	2527.71
907.90	2523.68
908.64	2525.70
909.37	2524.48
910.11	2526.30
910.85	2526.30
911.59	2525.29
912.32	2524.48
913.06	2524.89
913.80	2526.10
914.53	2524.89
915.27	2525.70
916.01	2525.29
916.74	2525.29
917.48	2526.10
918.22	2526.30
918.95	2524.28
919.69	2523.88
920.43	2523.68
921.16	2526.30
921.90	2526.50
922.63	2525.29
923.37	2524.69
924.10	2524.89
924.84	2525.29
925.58	2524.69
926.31	2525.09
927.05	2525.29
927.78	2525.29
928.52	2526.91
929.25	2526.50
929.99	2525.70
930.72	2524.48
931.46	2528.92
932.19	2526.70
932.93	2525.70
933.66	2525.90
934.39	2525.49
935.13	2525.29
935.86	2525.49
936.60	2524.89
937.33	2526.10
938.07	2524.48
938.80	2525.70
939.53	2526.30
940.27	2527.71
941.00	2525.49
941.73	2523.88
942.47	2524.28
943.20	2525.70
943.93	2525.49
944.67	2524.89
945.40	2524.89
946.13	2524.69
946.87	2526.30
947.60	2526.30
948.33	2525.09
949.06	2524.48
949.80	2526.30
950.53	2525.70
951.26	2527.51
951.99	2526.50
952.73	2525.70
953.46	2524.89
954.19	2528.52
954.92	2525.70
955.65	2526.91
956.39	2525.29
957.12	2525.09
957.85	2528.12
958.58	2525.90
959.31	2525.29
960.04	2524.89
960.78	2526.10
961.51	2526.10
962.24	2526.10
962.97	2526.91
963.70	2526.10
964.43	2526.10
965.16	2524.69
965.89	2524.89
966.62	2527.71
967.35	2523.88
968.08	2525.90
968.81	2524.48
969.54	2526.30
970.27	2525.49
971.00	2524.69
971.73	2525.49
972.46	2524.08
973.19	2525.29
973.92	2525.70
974.65	2526.50
975.38	2526.70
976.11	2524.89
976.84	2525.09
977.57	2526.50
978.30	2525.49
979.03	2525.09
979.76	2523.88
980.48	2525.49
981.21	2525.90
981.94	2527.11
982.67	2525.09
983.40	2526.91
984.13	2525.29
984.85	2525.09
985.58	2525.70
986.31	2525.09
987.04	2522.06
987.77	2521.46
988.49	2522.87
989.22	2522.27
989.95	2521.46
990.68	2522.47
991.40	2523.07
992.13	2524.08
992.86	2523.88
993.59	2524.48
994.31	2522.87
995.04	2524.48
995.77	2525.09
996.49	2526.70
997.22	2524.89
997.95	2523.27
998.67	2522.67
999.40	2523.07
1000.13	2523.07
1000.85	2523.07
