198.93	2524.48
199.74	2524.69
200.55	2525.70
201.35	2525.49
202.16	2525.29
202.97	2524.89
203.77	2526.50
204.58	2526.50
205.38	2525.09
206.19	2524.89
207.00	2528.92
207.80	2526.30
208.61	2525.70
209.41	2525.90
210.22	2524.28
211.02	2527.51
211.83	2526.70
212.64	2525.70
213.44	2526.91
214.25	2526.91
215.05	2526.30
215.86	2527.31
216.66	2527.71
217.47	2528.52
218.27	2527.31
219.08	2527.51
219.88	2525.90
220.69	2527.11
221.49	2530.34
222.30	2526.50
223.10	2526.50
223.90	2524.48
224.71	2527.31
225.51	2526.30
226.32	2527.31
227.12	2525.09
227.93	2524.69
228.73	2556.76
229.53	2525.70
230.34	2526.10
231.14	2524.89
231.95	2525.09
232.75	2524.28
233.55	2525.90
234.36	2526.30
235.16	2525.49
235.96	2525.90
236.77	2525.09
237.57	2540.83
238.38	2527.31
239.18	2525.90
239.98	2524.08
240.78	2525.70
241.59	2525.49
242.39	2525.49
243.19	2525.09
244.00	2525.90
244.80	2528.12
245.60	2525.90
246.41	2527.91
247.21	2525.29
248.01	2524.69
248.81	2525.90
249.62	2526.30
250.42	2527.11
251.22	2526.10
252.02	2524.89
252.83	2526.10
253.63	2526.50
254.43	2525.49
255.23	2526.50
256.03	2525.09
256.84	2525.49
257.64	2525.90
258.44	2526.30
259.24	2526.91
260.04	2524.28
260.84	2523.88
261.65	2526.30
262.45	2525.90
263.25	2526.30
264.05	2525.29
264.85	2524.69
265.65	2526.30
266.45	2525.29
267.25	2526.10
268.06	2524.69
268.86	2526.50
269.66	2526.30
270.46	2525.90
271.26	2526.30
272.06	2525.49
272.86	2524.89
273.66	2526.10
274.46	2526.50
275.26	2526.91
276.06	2527.11
276.86	2523.68
277.66	2524.08
278.46	2530.13
279.26	2527.51
280.06	2527.31
280.86	2525.49
281.66	2524.48
282.46	2525.70
283.26	2527.71
284.06	2527.31
284.86	2526.30
285.66	2525.29
286.46	2525.49
287.26	2525.90
288.06	2526.50
288.86	2526.70
289.66	2525.09
290.46	2525.90
291.26	2526.70
292.06	2527.31
292.85	2526.50
293.65	2526.30
294.45	2525.29
295.25	2526.30
296.05	2527.91
296.85	2526.70
297.65	2526.50
298.45	2525.09
299.24	2525.70
300.04	2526.50
300.84	2527.91
301.64	2525.90
302.44	2524.08
303.24	2525.90
304.03	2526.91
304.83	2527.31
305.63	2526.50
306.43	2525.49
307.23	2526.10
308.02	2526.30
308.82	2527.71
309.62	2526.30
310.42	2524.28
311.21	2525.09
312.01	2526.30
312.81	2532.76
313.61	2526.70
314.40	2526.30
315.20	2525.29
316.00	2525.29
316.79	2526.91
317.59	2526.30
318.39	2525.09
319.18	2525.29
319.98	2524.89
320.78	2526.70
321.57	2527.91
322.37	2526.50
323.17	2525.70
323.96	2525.29
324.76	2525.29
325.56	2526.50
326.35	2527.31
327.15	2526.30
327.95	2525.70
328.74	2524.89
329.54	2527.91
330.33	2526.91
331.13	2526.30
331.92	2524.48
332.72	2526.10
333.52	2526.50
334.31	2529.93
335.11	2526.30
335.90	2526.50
336.70	2525.49
337.49	2527.71
338.29	2526.10
339.08	2528.92
339.88	2525.70
340.67	2525.70
341.47	2525.90
342.26	2527.71
343.06	2527.71
343.85	2527.51
344.65	2525.49
345.44	2525.49
346.24	2527.71
347.03	2528.52
347.83	2527.71
348.62	2525.29
349.41	2525.09
350.21	2526.30
351.00	2528.52
351.80	2526.70
352.59	2525.09
353.38	2525.09
354.18	2526.30
354.97	2528.12
355.77	2525.29
356.56	2525.29
357.35	2525.70
358.15	2525.90
358.94	2528.12
359.73	2526.91
360.53	2526.30
361.32	2525.29
362.11	2526.30
362.91	2526.91
363.70	2527.11
364.49	2525.90
365.29	2526.30
366.08	2528.12
366.87	2526.30
367.66	2526.91
368.46	2533.56
369.25	2526.10
370.04	2526.10
370.83	2526.10
371.63	2526.10
372.42	2529.93
373.21	2527.51
374.00	2526.50
374.79	2526.30
375.59	2527.11
376.38	2528.32
377.17	2526.50
377.96	2526.91
378.75	2526.10
379.55	2525.70
380.34	2527.11
381.13	2528.12
381.92	2527.71
382.71	2526.91
383.50	2526.91
384.29	2527.31
385.09	2527.71
385.88	2526.70
386.67	2528.52
387.46	2528.52
388.25	2527.51
389.04	2529.53
389.83	2528.52
390.62	2529.12
391.41	2528.52
392.20	2527.91
392.99	2531.14
393.78	2530.74
394.57	2530.13
395.36	2530.13
396.16	2531.14
396.95	2532.35
397.74	2534.98
398.53	2534.17
399.32	2537.40
400.11	2539.01
400.90	2542.24
401.68	2545.06
402.47	2547.89
403.26	2553.13
404.05	2556.36
404.84	2561.20
405.63	2567.66
406.42	2571.49
407.21	2575.73
408.00	2582.38
408.79	2589.24
409.58	2595.90
410.37	2601.95
411.16	2607.40
411.95	2611.23
412.73	2615.27
413.52	2625.15
414.31	2627.37
415.10	2629.39
415.89	2637.26
416.68	2640.68
417.47	2641.90
418.25	2648.75
419.04	2651.17
419.83	2653.80
420.62	2657.63
421.41	2658.44
422.19	2661.66
422.98	2665.09
423.77	2664.09
424.56	2669.33
425.34	2671.15
426.13	2671.95
426.92	2674.37
427.71	2675.79
428.49	2674.58
429.28	2677.00
430.07	2678.00
430.86	2674.98
431.64	2674.98
432.43	2673.36
433.22	2673.16
434.00	2673.97
434.79	2676.39
435.58	2670.14
436.36	2670.54
437.15	2668.52
437.94	2666.51
438.72	2668.93
439.51	2667.51
440.30	2663.88
441.08	2667.31
441.87	2664.09
442.66	2662.87
443.44	2661.46
444.23	2660.25
445.01	2657.63
445.80	2659.65
446.58	2657.83
447.37	2659.45
448.16	2653.60
448.94	2658.03
449.73	2655.21
450.51	2651.58
451.30	2651.78
452.08	2649.36
452.87	2649.56
453.65	2647.95
454.44	2647.34
455.22	2644.52
456.01	2642.30
456.79	2641.29
457.58	2639.68
458.36	2638.87
459.15	2637.26
459.93	2637.05
460.72	2633.83
461.50	2631.20
462.28	2630.40
463.07	2625.35
463.85	2625.96
464.64	2622.73
465.42	2625.76
466.20	2619.10
466.99	2620.71
467.77	2616.88
468.56	2616.68
469.34	2614.46
470.12	2611.43
470.91	2608.61
471.69	2611.64
472.47	2609.21
473.26	2604.98
474.04	2603.36
474.82	2600.74
475.61	2599.53
476.39	2602.96
477.17	2598.12
477.96	2597.72
478.74	2594.89
479.52	2595.09
480.30	2592.87
481.09	2593.28
481.87	2590.25
482.65	2587.63
483.43	2586.22
484.22	2590.65
485.00	2588.44
485.78	2583.80
486.56	2582.79
487.34	2581.58
488.13	2581.38
488.91	2580.97
489.69	2578.35
490.47	2578.95
491.25	2573.71
492.04	2574.11
492.82	2574.31
493.60	2573.51
494.38	2570.88
495.16	2571.29
495.94	2570.08
496.72	2570.48
497.50	2567.86
498.29	2566.65
499.07	2563.22
499.85	2564.03
500.63	2564.63
501.41	2562.61
502.19	2561.20
502.97	2560.60
503.75	2559.99
504.53	2561.20
505.31	2560.60
506.09	2557.57
506.87	2555.75
507.65	2554.75
508.43	2554.75
509.21	2555.35
509.99	2554.34
510.77	2552.32
511.55	2553.74
512.33	2551.32
513.11	2552.93
513.89	2551.52
514.67	2548.69
515.45	2549.10
516.23	2549.10
517.01	2548.29
517.79	2548.90
518.57	2548.29
519.34	2547.08
520.12	2544.46
520.90	2545.26
521.68	2547.28
522.46	2545.47
523.24	2544.05
524.02	2542.84
524.80	2546.68
525.57	2543.85
526.35	2545.47
527.13	2541.43
527.91	2542.84
528.69	2541.03
529.46	2541.23
530.24	2541.83
531.02	2540.22
531.80	2538.81
532.58	2539.21
533.35	2540.62
534.13	2541.83
534.91	2540.02
535.69	2540.02
536.46	2537.60
537.24	2536.99
538.02	2538.00
538.80	2538.40
539.57	2538.20
540.35	2536.79
541.13	2538.00
541.90	2538.00
542.68	2537.60
543.46	2537.19
544.23	2535.98
545.01	2550.91
545.79	2535.98
546.56	2537.80
547.34	2536.99
548.12	2534.98
548.89	2534.37
549.67	2534.17
550.44	2534.98
551.22	2534.37
552.00	2533.16
552.77	2530.94
553.55	2533.36
554.32	2535.78
555.10	2533.36
555.87	2533.97
556.65	2531.95
557.43	2531.34
558.20	2533.36
558.98	2532.76
559.75	2531.55
560.53	2531.14
561.30	2532.35
562.08	2530.74
562.85	2531.95
563.63	2532.76
564.40	2532.55
565.17	2530.54
565.95	2532.35
566.72	2532.55
567.50	2532.35
568.27	2530.13
569.05	2530.94
569.82	2531.14
570.60	2530.94
571.37	2531.75
572.14	2530.94
572.92	2529.73
573.69	2529.53
574.46	2530.13
575.24	2531.34
576.01	2530.34
576.79	2528.92
577.56	2528.52
578.33	2529.33
579.11	2531.55
579.88	2532.55
580.65	2532.96
581.42	2531.95
582.20	2529.12
582.97	2531.14
583.74	2530.74
584.52	2530.74
585.29	2529.33
586.06	2528.32
586.83	2529.33
587.61	2532.15
588.38	2529.33
589.15	2529.73
589.92	2528.12
590.69	2529.12
591.47	2529.93
592.24	2530.13
593.01	2529.33
593.78	2528.32
594.55	2528.72
595.33	2529.33
596.10	2529.53
596.87	2528.72
597.64	2528.12
598.41	2528.32
599.18	2529.12
599.95	2529.73
600.73	2528.92
601.50	2527.51
602.27	2528.72
603.04	2528.32
603.81	2529.93
604.58	2531.95
605.35	2528.92
606.12	2527.51
606.89	2528.92
607.66	2529.12
608.43	2529.53
609.20	2528.72
609.97	2528.72
610.74	2529.73
611.51	2531.55
612.28	2533.36
613.05	2530.74
613.82	2530.54
614.59	2529.73
615.36	2529.53
616.13	2530.34
616.90	2530.94
617.67	2531.34
618.44	2528.72
619.21	2526.91
619.98	2528.92
620.75	2529.93
621.52	2528.72
622.29	2527.11
623.05	2526.70
623.82	2528.52
624.59	2529.12
625.36	2528.52
626.13	2528.12
626.90	2526.10
627.67	2527.31
628.43	2530.13
629.20	2528.52
629.97	2527.51
630.74	2529.12
631.51	2529.12
632.28	2529.73
633.04	2532.15
633.81	2527.71
634.58	2526.70
635.35	2525.70
636.11	2528.12
636.88	2529.73
637.65	2527.31
638.42	2526.91
639.18	2526.70
639.95	2527.31
640.72	2529.53
641.48	2527.31
642.25	2527.31
643.02	2525.29
643.79	2527.11
644.55	2529.73
645.32	2528.52
646.09	2527.51
646.85	2525.49
647.62	2526.10
648.38	2527.91
649.15	2528.12
649.92	2527.31
650.68	2524.89
651.45	2524.89
652.22	2528.12
652.98	2527.71
653.75	2527.71
654.51	2526.50
655.28	2526.70
656.04	2526.10
656.81	2528.32
657.57	2528.12
658.34	2526.70
659.10	2525.09
659.87	2526.91
660.64	2528.12
661.40	2528.92
662.17	2527.31
662.93	2525.70
663.69	2525.49
664.46	2527.31
665.22	2529.12
665.99	2527.11
666.75	2524.28
667.52	2525.09
668.28	2528.32
669.05	2528.92
669.81	2530.54
670.57	2525.90
671.34	2524.89
672.10	2526.70
672.87	2527.91
673.63	2527.71
674.39	2525.49
675.16	2524.69
675.92	2527.31
676.68	2527.71
677.45	2527.71
678.21	2525.90
678.97	2525.49
679.74	2526.10
680.50	2528.72
681.26	2528.12
682.03	2527.51
682.79	2525.09
683.55	2525.90
684.31	2528.32
685.08	2529.93
685.84	2528.12
686.60	2525.49
687.36	2526.50
688.12	2527.31
688.89	2528.92
689.65	2526.10
690.41	2525.49
691.17	2525.49
691.93	2526.50
692.70	2528.92
693.46	2529.12
694.22	2525.90
694.98	2526.10
695.74	2526.30
696.50	2528.92
697.27	2529.12
698.03	2526.10
698.79	2524.89
699.55	2526.10
700.31	2527.11
701.07	2529.93
701.83	2528.12
702.59	2524.89
703.35	2526.10
704.11	2526.91
704.87	2528.92
705.63	2527.31
706.39	2525.70
707.15	2525.90
707.91	2528.52
708.67	2528.52
709.43	2529.73
710.19	2528.32
710.95	2526.91
711.71	2526.50
712.47	2528.32
713.23	2529.12
713.99	2528.52
714.75	2524.89
715.51	2526.10
716.27	2527.31
717.03	2527.91
717.79	2527.11
718.55	2525.90
719.31	2524.69
720.07	2525.90
720.82	2527.91
721.58	2527.71
722.34	2525.70
723.10	2525.09
723.86	2525.90
724.62	2528.12
725.38	2527.51
726.13	2527.51
726.89	2524.89
727.65	2525.09
728.41	2528.72
729.17	2527.91
729.92	2528.32
730.68	2527.11
731.44	2524.08
732.20	2526.10
732.95	2528.52
733.71	2527.91
734.47	2526.70
735.23	2525.49
735.98	2524.89
736.74	2527.11
737.50	2528.72
738.25	2528.12
739.01	2525.29
739.77	2525.70
740.52	2527.11
741.28	2527.31
742.04	2526.30
742.79	2525.29
743.55	2524.69
744.31	2527.11
745.06	2528.52
745.82	2527.51
746.57	2526.30
747.33	2526.10
748.09	2525.70
748.84	2527.71
749.60	2528.12
750.35	2527.11
751.11	2524.69
751.86	2526.91
752.62	2527.51
753.37	2528.12
754.13	2527.91
754.88	2527.11
755.64	2526.50
756.39	2525.90
757.15	2531.14
757.90	2527.31
758.66	2526.10
759.41	2527.51
760.17	2526.10
760.92	2527.31
761.68	2528.52
762.43	2529.33
763.18	2525.70
763.94	2525.29
764.69	2525.70
765.45	2526.30
766.20	2526.91
766.95	2525.90
767.71	2528.12
768.46	2527.31
769.21	2528.52
769.97	2527.71
770.72	2526.50
771.48	2524.69
772.23	2525.70
772.98	2528.32
773.73	2526.30
774.49	2527.11
775.24	2527.31
775.99	2525.90
776.75	2526.50
777.50	2526.70
778.25	2526.30
779.00	2529.53
779.76	2525.70
780.51	2527.11
781.26	2526.50
782.01	2527.71
782.76	2525.49
783.52	2525.70
784.27	2525.90
785.02	2526.50
785.77	2528.92
786.52	2527.11
787.27	2525.29
788.03	2525.70
788.78	2527.31
789.53	2527.91
790.28	2527.91
791.03	2525.49
791.78	2525.29
792.53	2525.90
793.28	2530.13
794.03	2528.12
794.79	2525.29
795.54	2525.09
796.29	2526.30
797.04	2528.52
797.79	2528.72
798.54	2530.34
799.29	2525.70
800.04	2525.90
800.79	2528.12
801.54	2526.91
802.29	2526.70
803.04	2525.09
803.79	2524.28
804.54	2529.73
805.29	2526.91
806.04	2527.11
806.78	2526.70
807.53	2527.91
808.28	2525.29
809.03	2527.31
809.78	2526.70
810.53	2557.37
811.28	2526.50
812.03	2526.10
812.78	2525.90
813.52	2527.91
814.27	2527.71
815.02	2526.30
815.77	2526.70
816.52	2525.09
817.27	2527.71
818.01	2527.51
818.76	2526.10
819.51	2526.10
820.26	2526.10
821.01	2525.70
821.75	2526.30
822.50	2525.29
823.25	2525.29
824.00	2524.48
824.74	2525.49
825.49	2528.52
826.24	2526.91
826.98	2526.30
827.73	2524.48
828.48	2525.90
829.23	2526.70
829.97	2527.31
830.72	2526.30
831.47	2524.28
832.21	2525.49
832.96	2526.50
833.70	2528.12
834.45	2526.91
835.20	2524.89
835.94	2525.49
836.69	2526.10
837.43	2527.91
838.18	2526.50
838.93	2525.70
839.67	2525.29
840.42	2525.70
841.16	2527.71
841.91	2527.31
842.65	2525.90
843.40	2525.09
844.14	2527.11
844.89	2527.31
845.63	2527.31
846.38	2525.90
847.12	2525.09
847.87	2525.70
848.61	2525.70
849.36	2527.91
850.10	2526.70
850.85	2524.89
851.59	2524.08
852.33	2527.11
853.08	2527.71
853.82	2529.53
854.57	2527.91
855.31	2526.10
856.05	2527.31
856.80	2527.31
857.54	2527.31
858.28	2526.50
859.03	2525.09
859.77	2525.70
860.51	2527.51
861.26	2528.12
862.00	2526.70
862.74	2525.70
863.49	2525.09
864.23	2527.11
864.97	2528.72
865.71	2526.91
866.46	2525.09
867.20	2525.90
867.94	2528.52
868.68	2527.51
869.43	2548.09
870.17	2526.10
870.91	2525.49
871.65	2524.69
872.39	2526.91
873.14	2527.11
873.88	2526.10
874.62	2525.70
875.36	2526.10
876.10	2526.70
876.84	2527.31
877.58	2527.11
878.33	2525.29
879.07	2524.28
879.81	2526.50
880.55	2526.50
881.29	2526.50
882.03	2526.50
882.77	2525.70
883.51	2526.30
884.25	2526.10
884.99	2527.71
885.73	2526.91
886.47	2525.70
887.21	2526.10
887.95	2526.70
888.69	2527.11
889.43	2527.31
890.17	2525.29
890.91	2524.48
891.65	2525.70
892.39	2527.51
893.13	2528.12
893.87	2525.90
894.61	2525.09
895.35	2525.70
896.09	2527.11
896.83	2528.12
897.56	2526.50
898.30	2525.49
899.04	2525.70
899.78	2526.10
900.52	2528.32
901.26	2525.90
902.00	2525.29
902.73	2528.52
903.47	2525.70
904.21	2527.11
904.95	2527.51
905.69	2526.30
906.42	2525.70
907.16	2528.12
907.90	2526.50
908.64	2527.31
909.37	2525.49
910.11	2526.30
910.85	2526.70
911.59	2528.52
912.32	2526.70
913.06	2526.10
913.80	2525.29
914.53	2525.90
915.27	2527.11
916.01	2526.50
916.74	2526.30
917.48	2524.89
918.22	2526.10
918.95	2527.11
919.69	2527.51
920.43	2526.91
921.16	2525.70
921.90	2525.70
922.63	2526.91
923.37	2527.11
924.10	2528.52
924.84	2525.70
925.58	2524.48
926.31	2526.30
927.05	2528.52
927.78	2528.12
928.52	2526.30
929.25	2525.49
929.99	2526.91
930.72	2526.50
931.46	2530.94
932.19	2527.11
932.93	2526.10
933.66	2526.50
934.39	2526.50
935.13	2528.12
935.86	2527.51
936.60	2525.29
937.33	2526.70
938.07	2526.10
938.80	2529.12
939.53	2527.91
940.27	2527.31
941.00	2525.70
941.73	2525.49
942.47	2527.51
943.20	2528.12
943.93	2526.10
944.67	2523.27
945.40	2526.70
946.13	2526.70
946.87	2528.12
947.60	2526.30
948.33	2525.09
949.06	2527.11
949.80	2528.32
950.53	2527.51
951.26	2528.92
951.99	2527.11
952.73	2525.70
953.46	2527.71
954.19	2531.75
954.92	2527.71
955.65	2526.50
956.39	2525.29
957.12	2526.91
957.85	2530.94
958.58	2527.71
959.31	2526.70
960.04	2526.30
960.78	2526.70
961.51	2527.51
962.24	2527.51
962.97	2527.91
963.70	2526.10
964.43	2527.11
965.16	2527.11
965.89	2526.91
966.62	2528.52
967.35	2526.70
968.08	2526.70
968.81	2525.90
969.54	2527.71
970.27	2527.71
971.00	2527.31
971.73	2525.90
972.46	2525.09
973.19	2526.70
973.92	2527.11
974.65	2525.90
975.38	2527.51
976.11	2524.28
976.84	2527.51
977.57	2528.32
978.30	2526.30
979.03	2527.91
979.76	2525.49
980.48	2526.30
981.21	2526.91
981.94	2528.52
982.67	2525.90
983.40	2530.13
984.13	2525.90
984.85	2526.50
985.58	2527.11
986.31	2526.91
987.04	2524.08
987.77	2522.67
988.49	2523.68
989.22	2522.67
989.95	2523.88
990.68	2524.28
991.40	2525.90
992.13	2525.90
992.86	2524.48
993.59	2524.48
994.31	2525.70
995.04	2524.48
995.77	2526.91
996.49	2528.32
997.22	2527.31
997.95	2525.70
998.67	2523.07
999.40	2524.08
1000.13	2524.08
1000.85	2524.08
