198.93	2522.01
199.74	2522.77
200.55	2523.53
201.35	2522.27
202.16	2522.77
202.97	2523.27
203.77	2523.02
204.58	2522.27
205.38	2522.52
206.19	2522.01
207.00	2528.57
207.80	2523.53
208.61	2523.27
209.41	2522.01
210.22	2520.25
211.02	2525.54
211.83	2523.78
212.64	2522.01
213.44	2521.76
214.25	2522.52
215.05	2524.54
215.86	2524.79
216.66	2520.75
217.47	2521.00
218.27	2523.53
219.08	2525.80
219.88	2523.53
220.69	2521.51
221.49	2525.04
222.30	2523.78
223.10	2526.05
223.90	2524.54
224.71	2523.27
225.51	2522.77
226.32	2523.78
227.12	2523.53
227.93	2523.27
228.73	2545.21
229.53	2521.51
230.34	2522.77
231.14	2524.79
231.95	2523.27
232.75	2522.01
233.55	2522.27
234.36	2523.27
235.16	2524.03
235.96	2525.04
236.77	2523.53
237.57	2530.08
238.38	2525.29
239.18	2524.03
239.98	2523.27
240.78	2522.77
241.59	2523.53
242.39	2523.53
243.19	2525.29
244.00	2524.28
244.80	2525.29
245.60	2522.52
246.41	2526.05
247.21	2525.54
248.01	2523.78
248.81	2525.04
249.62	2523.53
250.42	2524.54
251.22	2524.03
252.02	2524.28
252.83	2524.03
253.63	2522.27
254.43	2524.79
255.23	2524.28
256.03	2524.28
256.84	2522.27
257.64	2522.27
258.44	2524.28
259.24	2525.80
260.04	2523.53
260.84	2523.02
261.65	2522.52
262.45	2523.78
263.25	2524.03
264.05	2523.78
264.85	2521.76
265.65	2524.03
266.45	2522.77
267.25	2525.29
268.06	2523.78
268.86	2522.77
269.66	2522.27
270.46	2525.04
271.26	2525.80
272.06	2523.78
272.86	2523.78
273.66	2522.27
274.46	2524.03
275.26	2525.29
276.06	2524.28
276.86	2521.76
277.66	2524.28
278.46	2526.55
279.26	2525.54
280.06	2523.78
280.86	2523.02
281.66	2523.27
282.46	2524.03
283.26	2526.30
284.06	2524.03
284.86	2524.03
285.66	2524.79
286.46	2524.28
287.26	2525.04
288.06	2523.02
288.86	2522.52
289.66	2523.78
290.46	2524.79
291.26	2524.54
292.06	2523.53
292.85	2523.02
293.65	2525.04
294.45	2525.04
295.25	2523.27
296.05	2523.27
296.85	2522.01
297.65	2524.28
298.45	2525.80
299.24	2524.28
300.04	2522.77
300.84	2523.53
301.64	2523.02
302.44	2524.28
303.24	2524.28
304.03	2524.03
304.83	2523.27
305.63	2523.27
306.43	2525.54
307.23	2525.80
308.02	2523.53
308.82	2524.54
309.62	2523.27
310.42	2524.03
311.21	2524.03
312.01	2524.03
312.81	2530.08
313.61	2524.54
314.40	2524.79
315.20	2524.79
316.00	2523.02
316.79	2523.78
317.59	2525.04
318.39	2523.02
319.18	2523.27
319.98	2522.52
320.78	2524.28
321.57	2525.54
322.37	2524.54
323.17	2523.02
323.96	2522.52
324.76	2524.28
325.56	2524.03
326.35	2524.03
327.15	2524.03
327.95	2523.27
328.74	2524.54
329.54	2525.80
330.33	2524.79
331.13	2522.27
331.92	2521.51
332.72	2523.78
333.52	2525.04
334.31	2529.83
335.11	2523.53
335.90	2522.27
336.70	2525.04
337.49	2526.30
338.29	2524.28
339.08	2526.55
339.88	2522.77
340.67	2524.54
341.47	2524.79
342.26	2523.02
343.06	2525.04
343.85	2524.54
344.65	2525.04
345.44	2523.53
346.24	2523.53
347.03	2522.77
347.83	2523.78
348.62	2526.05
349.41	2525.54
350.21	2523.02
351.00	2524.28
351.80	2522.01
352.59	2524.28
353.38	2524.79
354.18	2523.53
354.97	2524.03
355.77	2523.53
356.56	2525.04
357.35	2523.53
358.15	2524.79
358.94	2525.04
359.73	2524.79
360.53	2524.79
361.32	2531.34
362.11	2524.54
362.91	2526.05
363.70	2524.03
364.49	2523.27
365.29	2523.78
366.08	2525.29
366.87	2524.54
367.66	2523.27
368.46	2527.06
369.25	2523.78
370.04	2524.54
370.83	2523.53
371.63	2524.54
372.42	2525.54
373.21	2525.54
374.00	2523.78
374.79	2523.02
375.59	2522.27
376.38	2524.28
377.17	2524.54
377.96	2525.29
378.75	2523.53
379.55	2523.27
380.34	2524.03
381.13	2526.05
381.92	2524.54
382.71	2525.04
383.50	2524.03
384.29	2523.02
385.09	2524.28
385.88	2523.27
386.67	2525.54
387.46	2524.54
388.25	2524.03
389.04	2523.02
389.83	2524.03
390.62	2525.80
391.41	2526.05
392.20	2525.04
392.99	2524.54
393.78	2524.03
394.57	2524.28
395.36	2524.03
396.16	2524.54
396.95	2523.53
397.74	2523.27
398.53	2524.28
399.32	2524.28
400.11	2524.54
400.90	2524.54
401.68	2523.02
402.47	2523.78
403.26	2527.31
404.05	2526.55
404.84	2523.78
405.63	2524.54
406.42	2524.03
407.21	2524.28
408.00	2525.04
408.79	2523.78
409.58	2524.03
410.37	2524.54
411.16	2524.28
411.95	2524.79
412.73	2524.54
413.52	2525.29
414.31	2523.78
415.10	2524.79
415.89	2525.29
416.68	2524.79
417.47	2522.77
418.25	2523.27
419.04	2524.54
419.83	2524.79
420.62	2527.56
421.41	2522.77
422.19	2522.77
422.98	2525.29
423.77	2524.03
424.56	2525.54
425.34	2526.05
426.13	2523.02
426.92	2524.79
427.71	2524.79
428.49	2525.80
429.28	2527.56
430.07	2523.78
430.86	2524.03
431.64	2524.54
432.43	2524.54
433.22	2527.81
434.00	2524.79
434.79	2523.27
435.58	2522.27
436.36	2525.04
437.15	2524.28
437.94	2524.28
438.72	2524.03
439.51	2522.52
440.30	2524.54
441.08	2524.79
441.87	2523.27
442.66	2524.28
443.44	2523.53
444.23	2524.28
445.01	2524.03
445.80	2525.80
446.58	2523.27
447.37	2525.04
448.16	2524.54
448.94	2527.56
449.73	2526.05
450.51	2523.02
451.30	2523.78
452.08	2522.27
452.87	2524.03
453.65	2524.03
454.44	2524.03
455.22	2523.27
456.01	2524.79
456.79	2525.54
457.58	2523.27
458.36	2525.29
459.15	2524.54
459.93	2524.28
460.72	2526.55
461.50	2524.54
462.28	2524.03
463.07	2524.03
463.85	2522.77
464.64	2524.03
465.42	2527.31
466.20	2524.79
466.99	2524.54
467.77	2524.03
468.56	2523.78
469.34	2523.53
470.12	2525.80
470.91	2524.54
471.69	2525.80
472.47	2524.79
473.26	2524.03
474.04	2524.03
474.82	2523.53
475.61	2523.02
476.39	2526.80
477.17	2524.03
477.96	2525.04
478.74	2524.28
479.52	2524.03
480.30	2524.28
481.09	2523.53
481.87	2525.04
482.65	2524.28
483.43	2524.28
484.22	2527.56
485.00	2524.28
485.78	2524.28
486.56	2525.04
487.34	2524.03
488.13	2526.05
488.91	2525.04
489.69	2525.04
490.47	2525.04
491.25	2523.78
492.04	2524.03
492.82	2524.03
493.60	2524.28
494.38	2525.54
495.16	2524.28
495.94	2524.54
496.72	2524.28
497.50	2524.79
498.29	2524.03
499.07	2525.04
499.85	2525.04
500.63	2524.79
501.41	2523.78
502.19	2524.79
502.97	2524.79
503.75	2524.28
504.53	2524.28
505.31	2523.27
506.09	2524.03
506.87	2525.04
507.65	2524.54
508.43	2524.03
509.21	2522.52
509.99	2523.78
510.77	2525.54
511.55	2525.80
512.33	2525.04
513.11	2523.78
513.89	2525.04
514.67	2524.79
515.45	2525.54
516.23	2524.54
517.01	2523.02
517.79	2525.54
518.57	2524.79
519.34	2526.05
520.12	2523.27
520.90	2523.27
521.68	2523.78
522.46	2525.54
523.24	2525.54
524.02	2524.79
524.80	2526.55
525.57	2522.52
526.35	2525.80
527.13	2524.54
527.91	2526.30
528.69	2523.53
529.46	2522.27
530.24	2524.03
531.02	2526.30
531.80	2524.79
532.58	2524.03
533.35	2524.28
534.13	2525.04
534.91	2525.54
535.69	2525.80
536.46	2524.54
537.24	2522.77
538.02	2525.04
538.80	2525.29
539.57	2524.54
540.35	2524.79
541.13	2523.78
541.90	2525.29
542.68	2524.79
543.46	2524.54
544.23	2524.03
545.01	2550.26
545.79	2525.80
546.56	2526.30
547.34	2526.30
548.12	2524.79
548.89	2522.52
549.67	2523.78
550.44	2525.04
551.22	2526.30
552.00	2524.54
552.77	2522.77
553.55	2524.54
554.32	2526.80
555.10	2523.53
555.87	2524.28
556.65	2524.03
557.43	2522.52
558.20	2523.78
558.98	2525.80
559.75	2523.78
560.53	2523.27
561.30	2524.54
562.08	2523.78
562.85	2524.28
563.63	2524.54
564.40	2525.29
565.17	2522.77
565.95	2525.54
566.72	2524.54
567.50	2525.80
568.27	2525.04
569.05	2524.54
569.82	2524.54
570.60	2524.79
571.37	2525.80
572.14	2526.55
572.92	2525.80
573.69	2524.03
574.46	2523.78
575.24	2524.79
576.01	2525.29
576.79	2525.54
577.56	2523.78
578.33	2524.03
579.11	2524.79
579.88	2525.29
580.65	2529.07
581.42	2528.07
582.20	2524.28
582.97	2525.29
583.74	2524.79
584.52	2525.80
585.29	2526.55
586.06	2524.54
586.83	2523.53
587.61	2526.30
588.38	2523.78
589.15	2524.03
589.92	2524.03
590.69	2523.78
591.47	2523.27
592.24	2523.27
593.01	2525.04
593.78	2526.05
594.55	2523.78
595.33	2523.27
596.10	2525.80
596.87	2524.03
597.64	2524.79
598.41	2522.52
599.18	2523.53
599.95	2525.04
600.73	2527.31
601.50	2524.54
602.27	2524.03
603.04	2524.54
603.81	2523.78
604.58	2528.57
605.35	2525.80
606.12	2523.78
606.89	2523.78
607.66	2525.80
608.43	2525.04
609.20	2524.79
609.97	2524.79
610.74	2523.78
611.51	2526.05
612.28	2527.06
613.05	2523.78
613.82	2525.54
614.59	2524.54
615.36	2524.03
616.13	2523.27
616.90	2527.06
617.67	2527.31
618.44	2525.04
619.21	2523.53
619.98	2524.03
620.75	2525.54
621.52	2525.29
622.29	2525.29
623.05	2524.03
623.82	2523.53
624.59	2524.03
625.36	2524.79
626.13	2524.28
626.90	2525.80
627.67	2524.54
628.43	2525.29
629.20	2524.03
629.97	2524.79
630.74	2526.80
631.51	2524.54
632.28	2524.03
633.04	2527.81
633.81	2526.05
634.58	2525.04
635.35	2524.79
636.11	2523.27
636.88	2523.02
637.65	2524.54
638.42	2525.54
639.18	2526.55
639.95	2524.03
640.72	2523.02
641.48	2522.77
642.25	2525.29
643.02	2526.05
643.79	2525.29
644.55	2524.03
645.32	2524.79
646.09	2525.29
646.85	2526.55
647.62	2526.55
648.38	2524.03
649.15	2522.01
649.92	2522.01
650.68	2526.05
651.45	2525.54
652.22	2525.04
652.98	2522.27
653.75	2522.77
654.51	2524.54
655.28	2526.80
656.04	2524.79
656.81	2523.78
657.57	2523.27
658.34	2524.28
659.10	2525.29
659.87	2526.80
660.64	2523.78
661.40	2523.78
662.17	2524.03
662.93	2525.80
663.69	2524.28
664.46	2524.79
665.22	2523.53
665.99	2523.78
666.75	2523.78
667.52	2524.03
668.28	2524.79
669.05	2525.54
669.81	2527.56
670.57	2525.04
671.34	2525.04
672.10	2523.53
672.87	2523.27
673.63	2525.04
674.39	2524.03
675.16	2524.79
675.92	2524.28
676.68	2524.03
677.45	2524.79
678.21	2524.79
678.97	2524.79
679.74	2525.04
680.50	2525.29
681.26	2523.53
682.03	2524.54
682.79	2526.05
683.55	2524.28
684.31	2522.27
685.08	2524.79
685.84	2524.79
686.60	2525.54
687.36	2524.79
688.12	2525.29
688.89	2524.79
689.65	2524.28
690.41	2524.79
691.17	2523.78
691.93	2524.03
692.70	2524.03
693.46	2525.04
694.22	2524.03
694.98	2525.04
695.74	2524.03
696.50	2524.54
697.27	2525.54
698.03	2524.79
698.79	2522.77
699.55	2524.28
700.31	2524.54
701.07	2526.30
701.83	2524.54
702.59	2525.80
703.35	2522.52
704.11	2523.53
704.87	2525.29
705.63	2525.80
706.39	2525.29
707.15	2523.53
707.91	2524.79
708.67	2523.78
709.43	2525.54
710.19	2525.29
710.95	2523.78
711.71	2523.53
712.47	2524.54
713.23	2525.80
713.99	2525.54
714.75	2522.77
715.51	2524.03
716.27	2525.54
717.03	2525.29
717.79	2524.79
718.55	2522.52
719.31	2524.28
720.07	2525.04
720.82	2524.28
721.58	2524.54
722.34	2522.52
723.10	2522.77
723.86	2524.54
724.62	2525.54
725.38	2524.28
726.13	2524.28
726.89	2523.53
727.65	2525.29
728.41	2527.31
729.17	2524.79
729.92	2524.28
730.68	2524.03
731.44	2522.77
732.20	2526.55
732.95	2525.29
733.71	2523.53
734.47	2522.01
735.23	2525.54
735.98	2526.30
736.74	2525.29
737.50	2523.53
738.25	2523.78
739.01	2524.03
739.77	2525.80
740.52	2525.04
741.28	2523.02
742.04	2522.52
742.79	2525.04
743.55	2526.55
744.31	2525.54
745.06	2523.78
745.82	2522.77
746.57	2525.80
747.33	2527.06
748.09	2525.54
748.84	2523.27
749.60	2524.03
750.35	2525.04
751.11	2525.80
751.86	2525.80
752.62	2524.28
753.37	2523.78
754.13	2525.54
754.88	2525.29
755.64	2526.55
756.39	2523.78
757.15	2526.30
757.90	2524.54
758.66	2526.55
759.41	2529.07
760.17	2523.27
760.92	2522.01
761.68	2525.80
762.43	2527.06
763.18	2525.04
763.94	2525.04
764.69	2523.27
765.45	2524.03
766.20	2526.30
766.95	2526.30
767.71	2525.29
768.46	2523.53
769.21	2525.80
769.97	2525.04
770.72	2525.54
771.48	2523.02
772.23	2522.27
772.98	2525.29
773.73	2525.04
774.49	2525.54
775.24	2526.30
775.99	2523.78
776.75	2524.03
777.50	2525.04
778.25	2524.79
779.00	2526.55
779.76	2522.77
780.51	2524.28
781.26	2525.80
782.01	2525.29
782.76	2522.77
783.52	2523.02
784.27	2523.78
785.02	2525.54
785.77	2525.29
786.52	2524.28
787.27	2523.53
788.03	2524.54
788.78	2524.54
789.53	2526.30
790.28	2524.28
791.03	2522.77
791.78	2523.78
792.53	2526.05
793.28	2529.33
794.03	2525.29
794.79	2522.01
795.54	2523.53
796.29	2526.05
797.04	2526.30
797.79	2525.29
798.54	2525.04
799.29	2523.53
800.04	2526.05
800.79	2527.06
801.54	2525.29
802.29	2523.02
803.04	2524.03
803.79	2526.55
804.54	2530.84
805.29	2524.79
806.04	2523.27
806.78	2522.52
807.53	2527.06
808.28	2526.80
809.03	2524.28
809.78	2523.02
810.53	2537.90
811.28	2524.79
812.03	2528.07
812.78	2524.54
813.52	2524.79
814.27	2523.78
815.02	2524.54
815.77	2525.54
816.52	2524.28
817.27	2524.28
818.01	2522.01
818.76	2523.53
819.51	2526.05
820.26	2525.54
821.01	2524.28
821.75	2523.78
822.50	2523.78
823.25	2523.02
824.00	2522.77
824.74	2524.28
825.49	2526.05
826.24	2525.54
826.98	2524.03
827.73	2522.77
828.48	2524.79
829.23	2525.54
829.97	2525.80
830.72	2524.03
831.47	2522.77
832.21	2523.78
832.96	2523.78
833.70	2527.81
834.45	2526.30
835.20	2523.02
835.94	2522.27
836.69	2524.03
837.43	2525.80
838.18	2525.54
838.93	2523.27
839.67	2522.77
840.42	2524.28
841.16	2525.80
841.91	2525.04
842.65	2523.27
843.40	2522.52
844.14	2525.04
844.89	2525.54
845.63	2525.29
846.38	2522.27
847.12	2523.27
847.87	2524.03
848.61	2524.54
849.36	2525.80
850.10	2523.53
850.85	2522.27
851.59	2523.78
852.33	2526.80
853.08	2525.29
853.82	2525.29
854.57	2524.54
855.31	2524.28
856.05	2524.28
856.80	2525.04
857.54	2525.54
858.28	2523.27
859.03	2524.03
859.77	2523.27
860.51	2525.29
861.26	2525.29
862.00	2524.28
862.74	2521.51
863.49	2523.78
864.23	2523.78
864.97	2526.80
865.71	2523.02
866.46	2521.76
867.20	2525.54
867.94	2525.80
868.68	2524.28
869.43	2530.08
870.17	2524.28
870.91	2523.27
871.65	2523.78
872.39	2524.79
873.14	2525.04
873.88	2524.03
874.62	2524.54
875.36	2525.04
876.10	2524.79
876.84	2524.79
877.58	2525.29
878.33	2524.03
879.07	2522.52
879.81	2524.28
880.55	2525.29
881.29	2524.54
882.03	2524.03
882.77	2524.28
883.51	2524.28
884.25	2524.28
884.99	2525.80
885.73	2525.04
886.47	2522.77
887.21	2523.27
887.95	2526.05
888.69	2525.29
889.43	2525.54
890.17	2524.03
890.91	2523.02
891.65	2523.53
892.39	2523.78
893.13	2525.29
893.87	2525.29
894.61	2522.52
895.35	2523.53
896.09	2525.04
896.83	2526.05
897.56	2525.29
898.30	2523.02
899.04	2524.54
899.78	2524.03
900.52	2524.79
901.26	2524.28
902.00	2524.28
902.73	2526.55
903.47	2524.28
904.21	2524.28
904.95	2526.30
905.69	2525.80
906.42	2523.02
907.16	2525.54
907.90	2524.03
908.64	2525.29
909.37	2525.80
910.11	2524.54
910.85	2525.29
911.59	2524.54
912.32	2524.03
913.06	2524.54
913.80	2524.28
914.53	2523.78
915.27	2524.79
916.01	2525.54
916.74	2524.79
917.48	2524.03
918.22	2523.53
918.95	2524.79
919.69	2523.53
920.43	2525.29
921.16	2525.29
921.90	2524.03
922.63	2524.54
923.37	2524.79
924.10	2525.54
924.84	2524.54
925.58	2524.03
926.31	2523.27
927.05	2524.03
927.78	2526.55
928.52	2526.55
929.25	2524.54
929.99	2523.27
930.72	2523.53
931.46	2529.07
932.19	2527.31
932.93	2525.04
933.66	2523.27
934.39	2522.01
935.13	2525.54
935.86	2526.55
936.60	2525.54
937.33	2524.54
938.07	2522.77
938.80	2525.04
939.53	2526.30
940.27	2526.30
941.00	2524.03
941.73	2523.27
942.47	2524.28
943.20	2526.30
943.93	2523.53
944.67	2523.27
945.40	2523.53
946.13	2524.79
946.87	2525.80
947.60	2525.29
948.33	2525.04
949.06	2523.78
949.80	2525.80
950.53	2525.04
951.26	2526.30
951.99	2526.05
952.73	2524.79
953.46	2524.79
954.19	2528.07
954.92	2525.04
955.65	2524.79
956.39	2524.28
957.12	2525.04
957.85	2528.32
958.58	2525.29
959.31	2524.28
960.04	2523.78
960.78	2526.80
961.51	2525.29
962.24	2525.54
962.97	2525.29
963.70	2524.03
964.43	2526.05
965.16	2525.29
965.89	2525.04
966.62	2525.04
967.35	2524.79
968.08	2524.54
968.81	2525.54
969.54	2524.54
970.27	2525.29
971.00	2525.29
971.73	2525.29
972.46	2524.28
973.19	2524.03
973.92	2523.78
974.65	2525.80
975.38	2526.30
976.11	2523.53
976.84	2526.30
977.57	2524.79
978.30	2524.28
979.03	2525.54
979.76	2524.28
980.48	2523.27
981.21	2524.28
981.94	2526.55
982.67	2524.03
983.40	2527.81
984.13	2525.29
984.85	2525.80
985.58	2524.03
986.31	2524.54
987.04	2521.51
987.77	2522.01
988.49	2522.01
989.22	2521.26
989.95	2520.75
990.68	2522.52
991.40	2524.28
992.13	2522.77
992.86	2521.26
993.59	2522.27
994.31	2524.28
995.04	2524.28
995.77	2524.28
996.49	2525.80
997.22	2524.03
997.95	2524.28
998.67	2523.27
999.40	2522.27
1000.13	2522.27
1000.85	2522.27
