198.93	2523.53
199.74	2521.26
200.55	2521.26
201.35	2522.01
202.16	2523.27
202.97	2523.27
203.77	2523.27
204.58	2522.77
205.38	2521.51
206.19	2524.54
207.00	2528.07
207.80	2522.77
208.61	2521.00
209.41	2523.27
210.22	2524.28
211.02	2525.80
211.83	2522.52
212.64	2520.25
213.44	2522.52
214.25	2524.28
215.05	2524.03
215.86	2523.53
216.66	2522.77
217.47	2523.78
218.27	2525.29
219.08	2525.04
219.88	2521.51
220.69	2521.26
221.49	2526.80
222.30	2525.04
223.10	2525.04
223.90	2523.53
224.71	2524.03
225.51	2523.02
226.32	2525.54
227.12	2523.27
227.93	2523.02
228.73	2545.21
229.53	2522.77
230.34	2523.02
231.14	2524.03
231.95	2523.02
232.75	2522.27
233.55	2523.53
234.36	2521.76
235.16	2523.27
235.96	2524.54
236.77	2525.04
237.57	2530.34
238.38	2522.77
239.18	2523.53
239.98	2523.53
240.78	2525.29
241.59	2524.28
242.39	2521.76
243.19	2521.51
244.00	2524.28
244.80	2528.07
245.60	2524.03
246.41	2524.79
247.21	2522.52
248.01	2526.55
248.81	2526.55
249.62	2524.79
250.42	2522.27
251.22	2521.76
252.02	2525.29
252.83	2526.55
253.63	2524.28
254.43	2522.01
255.23	2522.52
256.03	2523.27
256.84	2525.54
257.64	2523.78
258.44	2522.01
259.24	2523.53
260.04	2524.79
260.84	2524.79
261.65	2525.54
262.45	2522.52
263.25	2522.27
264.05	2524.79
264.85	2525.04
265.65	2524.54
266.45	2522.01
267.25	2522.01
268.06	2523.78
268.86	2526.55
269.66	2524.03
270.46	2523.53
271.26	2523.02
272.06	2524.28
272.86	2525.29
273.66	2525.54
274.46	2522.52
275.26	2523.53
276.06	2523.78
276.86	2524.03
277.66	2525.29
278.46	2526.55
279.26	2524.28
280.06	2524.28
280.86	2524.03
281.66	2523.78
282.46	2523.02
283.26	2524.79
284.06	2524.54
284.86	2524.28
285.66	2524.79
286.46	2523.53
287.26	2522.77
288.06	2524.79
288.86	2523.78
289.66	2523.78
290.46	2523.53
291.26	2522.52
292.06	2524.28
292.85	2523.53
293.65	2525.29
294.45	2524.28
295.25	2523.27
296.05	2524.54
296.85	2524.28
297.65	2523.02
298.45	2524.28
299.24	2523.27
300.04	2524.54
300.84	2524.79
301.64	2523.02
302.44	2523.02
303.24	2523.02
304.03	2523.53
304.83	2524.79
305.63	2526.05
306.43	2523.27
307.23	2525.29
308.02	2523.27
308.82	2523.02
309.62	2523.53
310.42	2524.79
311.21	2524.03
312.01	2524.28
312.81	2529.58
313.61	2524.28
314.40	2524.79
315.20	2524.03
316.00	2523.02
316.79	2524.03
317.59	2524.54
318.39	2524.54
319.18	2524.28
319.98	2523.27
320.78	2524.03
321.57	2525.04
322.37	2524.28
323.17	2523.78
323.96	2524.79
324.76	2523.53
325.56	2523.02
326.35	2524.03
327.15	2525.29
327.95	2524.03
328.74	2524.03
329.54	2524.28
330.33	2523.53
331.13	2525.04
331.92	2523.02
332.72	2524.79
333.52	2524.03
334.31	2531.09
335.11	2524.03
335.90	2524.03
336.70	2522.52
337.49	2524.54
338.29	2524.54
339.08	2527.06
339.88	2525.54
340.67	2523.53
341.47	2523.02
342.26	2523.53
343.06	2526.30
343.85	2525.80
344.65	2524.79
345.44	2522.77
346.24	2524.79
347.03	2524.79
347.83	2525.04
348.62	2525.04
349.41	2523.27
350.21	2523.53
351.00	2524.03
351.80	2525.54
352.59	2524.28
353.38	2522.77
354.18	2523.78
354.97	2525.54
355.77	2524.54
356.56	2523.02
357.35	2523.78
358.15	2524.79
358.94	2525.54
359.73	2524.28
360.53	2522.27
361.32	2530.34
362.11	2524.79
362.91	2526.05
363.70	2525.54
364.49	2524.54
365.29	2525.04
366.08	2526.05
366.87	2524.28
367.66	2524.79
368.46	2528.07
369.25	2522.27
370.04	2523.27
370.83	2523.78
371.63	2525.29
372.42	2526.05
373.21	2523.78
374.00	2523.53
374.79	2524.54
375.59	2524.03
376.38	2523.53
377.17	2523.27
377.96	2523.53
378.75	2524.28
379.55	2523.02
380.34	2526.05
381.13	2526.05
381.92	2524.03
382.71	2523.78
383.50	2523.53
384.29	2523.53
385.09	2524.79
385.88	2523.02
386.67	2525.04
387.46	2523.27
388.25	2524.03
389.04	2526.05
389.83	2524.28
390.62	2523.02
391.41	2524.54
392.20	2525.80
392.99	2526.05
393.78	2525.54
394.57	2525.29
395.36	2523.53
396.16	2524.54
396.95	2525.04
397.74	2524.54
398.53	2522.52
399.32	2523.27
400.11	2524.79
400.90	2526.30
401.68	2525.29
402.47	2523.27
403.26	2525.54
404.05	2524.03
404.84	2523.27
405.63	2524.54
406.42	2523.27
407.21	2522.27
408.00	2524.79
408.79	2524.54
409.58	2524.54
410.37	2524.03
411.16	2522.52
411.95	2524.03
412.73	2524.28
413.52	2527.31
414.31	2524.79
415.10	2522.52
415.89	2523.78
416.68	2526.55
417.47	2524.79
418.25	2524.03
419.04	2523.53
419.83	2523.02
420.62	2528.32
421.41	2525.54
422.19	2524.03
422.98	2523.27
423.77	2523.53
424.56	2523.27
425.34	2527.81
426.13	2524.03
426.92	2525.04
427.71	2524.79
428.49	2524.03
429.28	2526.55
430.07	2524.28
430.86	2523.78
431.64	2526.30
432.43	2525.29
433.22	2525.80
434.00	2523.78
434.79	2523.27
435.58	2524.79
436.36	2525.29
437.15	2524.28
437.94	2523.27
438.72	2523.53
439.51	2524.03
440.30	2525.04
441.08	2524.79
441.87	2523.02
442.66	2523.78
443.44	2522.77
444.23	2525.80
445.01	2525.54
445.80	2525.54
446.58	2522.01
447.37	2522.01
448.16	2526.05
448.94	2529.58
449.73	2525.29
450.51	2522.77
451.30	2523.02
452.08	2522.52
452.87	2525.54
453.65	2525.54
454.44	2524.28
455.22	2522.52
456.01	2524.03
456.79	2525.29
457.58	2524.28
458.36	2525.29
459.15	2524.03
459.93	2524.03
460.72	2526.05
461.50	2523.53
462.28	2524.79
463.07	2523.53
463.85	2524.54
464.64	2524.03
465.42	2526.80
466.20	2523.27
466.99	2524.03
467.77	2525.80
468.56	2525.29
469.34	2524.03
470.12	2523.53
470.91	2523.78
471.69	2526.05
472.47	2525.54
473.26	2523.27
474.04	2522.27
474.82	2524.54
475.61	2524.03
476.39	2528.32
477.17	2524.54
477.96	2523.78
478.74	2524.79
479.52	2526.05
480.30	2525.04
481.09	2523.78
481.87	2525.04
482.65	2523.02
483.43	2525.04
484.22	2528.32
485.00	2525.04
485.78	2524.28
486.56	2525.04
487.34	2524.28
488.13	2525.04
488.91	2524.28
489.69	2524.03
490.47	2527.06
491.25	2524.54
492.04	2524.79
492.82	2522.01
493.60	2524.03
494.38	2526.05
495.16	2526.05
495.94	2526.05
496.72	2523.53
497.50	2523.53
498.29	2525.04
499.07	2526.05
499.85	2524.79
500.63	2522.52
501.41	2524.03
502.19	2525.29
502.97	2525.29
503.75	2525.80
504.53	2524.54
505.31	2522.77
506.09	2523.53
506.87	2525.04
507.65	2525.80
508.43	2524.03
509.21	2521.51
509.99	2524.28
510.77	2525.80
511.55	2528.57
512.33	2524.79
513.11	2523.02
513.89	2524.28
514.67	2525.04
515.45	2526.05
516.23	2524.54
517.01	2523.27
517.79	2524.54
518.57	2524.79
519.34	2525.54
520.12	2523.27
520.90	2523.02
521.68	2523.78
522.46	2524.54
523.24	2523.27
524.02	2524.03
524.80	2526.80
525.57	2524.54
526.35	2524.79
527.13	2524.28
527.91	2524.79
528.69	2524.28
529.46	2524.54
530.24	2524.03
531.02	2524.54
531.80	2525.04
532.58	2523.53
533.35	2525.54
534.13	2525.80
534.91	2524.79
535.69	2525.04
536.46	2525.04
537.24	2523.53
538.02	2524.54
538.80	2525.29
539.57	2525.04
540.35	2524.54
541.13	2524.28
541.90	2523.53
542.68	2525.29
543.46	2525.29
544.23	2525.04
545.01	2550.76
545.79	2524.54
546.56	2525.29
547.34	2526.80
548.12	2525.29
548.89	2523.78
549.67	2524.03
550.44	2525.54
551.22	2525.04
552.00	2524.03
552.77	2522.27
553.55	2524.79
554.32	2526.55
555.10	2524.54
555.87	2525.54
556.65	2523.02
557.43	2522.77
558.20	2525.04
558.98	2525.80
559.75	2524.28
560.53	2524.03
561.30	2523.53
562.08	2524.28
562.85	2525.04
563.63	2525.54
564.40	2524.54
565.17	2523.53
565.95	2525.54
566.72	2525.80
567.50	2525.80
568.27	2523.02
569.05	2524.03
569.82	2523.53
570.60	2524.03
571.37	2525.54
572.14	2526.30
572.92	2524.03
573.69	2523.53
574.46	2523.27
575.24	2524.54
576.01	2524.54
576.79	2524.28
577.56	2524.03
578.33	2524.79
579.11	2523.27
579.88	2525.80
580.65	2527.81
581.42	2526.80
582.20	2525.80
582.97	2525.29
583.74	2524.28
584.52	2524.03
585.29	2525.54
586.06	2526.05
586.83	2525.04
587.61	2525.80
588.38	2523.78
589.15	2525.54
589.92	2525.04
590.69	2524.79
591.47	2523.78
592.24	2523.02
593.01	2524.03
593.78	2526.05
594.55	2525.54
595.33	2524.54
596.10	2524.28
596.87	2524.28
597.64	2526.05
598.41	2525.54
599.18	2524.28
599.95	2523.53
600.73	2524.79
601.50	2525.54
602.27	2526.05
603.04	2522.52
603.81	2524.03
604.58	2527.56
605.35	2525.80
606.12	2525.29
606.89	2524.28
607.66	2523.53
608.43	2524.54
609.20	2524.54
609.97	2524.03
610.74	2523.78
611.51	2524.79
612.28	2527.06
613.05	2525.04
613.82	2524.79
614.59	2523.53
615.36	2524.28
616.13	2525.54
616.90	2525.54
617.67	2526.80
618.44	2524.54
619.21	2523.78
619.98	2525.29
620.75	2527.56
621.52	2525.29
622.29	2523.02
623.05	2522.77
623.82	2524.79
624.59	2525.80
625.36	2525.29
626.13	2523.78
626.90	2523.27
627.67	2525.80
628.43	2525.80
629.20	2525.54
629.97	2524.28
630.74	2525.04
631.51	2525.29
632.28	2526.30
633.04	2528.82
633.81	2524.28
634.58	2524.03
635.35	2523.53
636.11	2526.05
636.88	2524.79
637.65	2524.54
638.42	2524.03
639.18	2524.54
639.95	2526.05
640.72	2526.80
641.48	2524.28
642.25	2524.03
643.02	2523.27
643.79	2525.04
644.55	2525.04
645.32	2525.04
646.09	2524.54
646.85	2523.53
647.62	2525.80
648.38	2524.79
649.15	2524.03
649.92	2522.52
650.68	2524.54
651.45	2524.79
652.22	2525.80
652.98	2524.28
653.75	2522.52
654.51	2525.04
655.28	2525.29
656.04	2524.54
656.81	2524.03
657.57	2524.79
658.34	2524.54
659.10	2524.54
659.87	2526.55
660.64	2525.29
661.40	2524.28
662.17	2524.03
662.93	2526.05
663.69	2523.27
664.46	2524.28
665.22	2523.27
665.99	2523.53
666.75	2524.28
667.52	2523.78
668.28	2525.54
669.05	2525.29
669.81	2526.55
670.57	2524.03
671.34	2526.05
672.10	2524.79
672.87	2524.79
673.63	2523.27
674.39	2524.28
675.16	2524.54
675.92	2526.55
676.68	2525.80
677.45	2524.79
678.21	2524.28
678.97	2523.53
679.74	2526.30
680.50	2525.54
681.26	2525.80
682.03	2524.03
682.79	2523.27
683.55	2523.02
684.31	2525.04
685.08	2525.80
685.84	2524.03
686.60	2523.78
687.36	2524.03
688.12	2524.79
688.89	2525.29
689.65	2525.04
690.41	2523.78
691.17	2521.00
691.93	2523.53
692.70	2525.54
693.46	2527.56
694.22	2523.53
694.98	2523.27
695.74	2522.52
696.50	2524.79
697.27	2526.55
698.03	2524.03
698.79	2523.27
699.55	2523.02
700.31	2525.29
701.07	2527.81
701.83	2525.04
702.59	2523.27
703.35	2524.28
704.11	2524.79
704.87	2526.05
705.63	2525.04
706.39	2523.02
707.15	2524.54
707.91	2524.79
708.67	2525.54
709.43	2525.54
710.19	2525.04
710.95	2523.27
711.71	2522.27
712.47	2525.80
713.23	2525.29
713.99	2524.54
714.75	2523.02
715.51	2524.28
716.27	2526.30
717.03	2524.03
717.79	2522.52
718.55	2523.02
719.31	2525.54
720.07	2527.56
720.82	2525.04
721.58	2523.02
722.34	2522.27
723.10	2524.54
723.86	2526.05
724.62	2524.54
725.38	2523.02
726.13	2523.02
726.89	2525.54
727.65	2527.06
728.41	2527.81
729.17	2523.27
729.92	2523.27
730.68	2525.80
731.44	2524.79
732.20	2525.04
732.95	2523.27
733.71	2524.28
734.47	2524.03
735.23	2524.28
735.98	2524.28
736.74	2522.77
737.50	2524.28
738.25	2524.79
739.01	2525.04
739.77	2525.54
740.52	2523.78
741.28	2522.52
742.04	2524.28
742.79	2525.04
743.55	2523.78
744.31	2524.79
745.06	2525.04
745.82	2525.29
746.57	2525.04
747.33	2525.04
748.09	2523.78
748.84	2523.53
749.60	2525.04
750.35	2526.05
751.11	2523.27
751.86	2524.79
752.62	2524.79
753.37	2525.80
754.13	2526.80
754.88	2525.54
755.64	2523.78
756.39	2523.02
757.15	2527.81
757.90	2525.04
758.66	2524.79
759.41	2524.54
760.17	2523.78
760.92	2524.54
761.68	2527.56
762.43	2525.04
763.18	2522.01
763.94	2524.03
764.69	2525.80
765.45	2526.05
766.20	2525.80
766.95	2523.78
767.71	2524.54
768.46	2525.80
769.21	2526.05
769.97	2524.03
770.72	2523.27
771.48	2524.03
772.23	2525.29
772.98	2526.55
773.73	2524.54
774.49	2523.53
775.24	2523.78
775.99	2524.28
776.75	2526.05
777.50	2525.29
778.25	2523.27
779.00	2524.28
779.76	2525.04
780.51	2525.54
781.26	2524.54
782.01	2524.54
782.76	2521.76
783.52	2524.79
784.27	2526.05
785.02	2525.29
785.77	2524.03
786.52	2523.02
787.27	2525.04
788.03	2525.80
788.78	2526.05
789.53	2523.78
790.28	2522.27
791.03	2523.02
791.78	2525.80
792.53	2525.80
793.28	2528.07
794.03	2524.03
794.79	2523.53
795.54	2526.55
796.29	2525.80
797.04	2525.29
797.79	2523.78
798.54	2525.04
799.29	2524.79
800.04	2526.55
800.79	2526.30
801.54	2523.78
802.29	2522.27
803.04	2524.54
803.79	2525.04
804.54	2529.83
805.29	2524.54
806.04	2522.52
806.78	2522.52
807.53	2526.80
808.28	2524.03
809.03	2523.53
809.78	2522.27
810.53	2537.65
811.28	2524.54
812.03	2527.31
812.78	2524.54
813.52	2524.54
814.27	2524.28
815.02	2524.54
815.77	2525.29
816.52	2524.28
817.27	2524.54
818.01	2522.77
818.76	2524.28
819.51	2525.29
820.26	2524.54
821.01	2524.28
821.75	2523.78
822.50	2524.54
823.25	2522.77
824.00	2524.28
824.74	2525.04
825.49	2525.04
826.24	2525.80
826.98	2524.54
827.73	2524.28
828.48	2524.28
829.23	2523.53
829.97	2524.28
830.72	2523.27
831.47	2523.53
832.21	2523.78
832.96	2524.54
833.70	2525.54
834.45	2524.79
835.20	2523.53
835.94	2525.04
836.69	2523.78
837.43	2525.04
838.18	2524.28
838.93	2523.78
839.67	2523.53
840.42	2525.04
841.16	2524.28
841.91	2523.27
842.65	2522.52
843.40	2524.28
844.14	2527.06
844.89	2526.55
845.63	2523.78
846.38	2522.77
847.12	2523.27
847.87	2525.04
848.61	2525.80
849.36	2526.80
850.10	2523.27
850.85	2522.77
851.59	2523.27
852.33	2526.30
853.08	2525.54
853.82	2524.79
854.57	2523.27
855.31	2523.78
856.05	2526.05
856.80	2525.80
857.54	2524.54
858.28	2522.01
859.03	2524.54
859.77	2523.78
860.51	2527.56
861.26	2525.04
862.00	2523.27
862.74	2522.52
863.49	2524.28
864.23	2525.54
864.97	2525.04
865.71	2522.52
866.46	2523.53
867.20	2527.56
867.94	2526.30
868.68	2524.79
869.43	2528.82
870.17	2523.27
870.91	2526.30
871.65	2525.04
872.39	2524.03
873.14	2524.54
873.88	2523.02
874.62	2524.28
875.36	2525.54
876.10	2523.53
876.84	2523.53
877.58	2523.78
878.33	2525.80
879.07	2525.29
879.81	2524.54
880.55	2522.77
881.29	2522.77
882.03	2524.54
882.77	2526.05
883.51	2523.78
884.25	2523.78
884.99	2524.03
885.73	2525.54
886.47	2524.79
887.21	2523.53
887.95	2524.79
888.69	2524.79
889.43	2525.29
890.17	2523.53
890.91	2523.02
891.65	2523.78
892.39	2524.28
893.13	2525.29
893.87	2524.54
894.61	2523.53
895.35	2524.79
896.09	2526.05
896.83	2523.27
897.56	2525.04
898.30	2524.28
899.04	2524.54
899.78	2524.03
900.52	2525.04
901.26	2524.54
902.00	2524.28
902.73	2526.05
903.47	2524.54
904.21	2525.04
904.95	2525.80
905.69	2525.29
906.42	2523.27
907.16	2526.05
907.90	2523.02
908.64	2525.29
909.37	2524.28
910.11	2524.54
910.85	2524.79
911.59	2526.80
912.32	2524.28
913.06	2524.54
913.80	2523.27
914.53	2524.54
915.27	2525.80
916.01	2525.54
916.74	2525.04
917.48	2523.27
918.22	2525.29
918.95	2524.28
919.69	2523.78
920.43	2524.03
921.16	2524.79
921.90	2523.78
922.63	2525.04
923.37	2524.79
924.10	2525.29
924.84	2524.79
925.58	2524.03
926.31	2524.79
927.05	2524.79
927.78	2525.29
928.52	2525.04
929.25	2525.29
929.99	2523.27
930.72	2524.03
931.46	2527.56
932.19	2526.55
932.93	2525.80
933.66	2524.54
934.39	2524.54
935.13	2525.04
935.86	2526.30
936.60	2525.29
937.33	2525.04
938.07	2523.78
938.80	2526.05
939.53	2526.05
940.27	2526.80
941.00	2524.03
941.73	2523.27
942.47	2523.27
943.20	2525.80
943.93	2526.05
944.67	2523.78
945.40	2523.27
946.13	2523.53
946.87	2525.80
947.60	2525.80
948.33	2524.03
949.06	2523.78
949.80	2526.05
950.53	2526.80
951.26	2527.31
951.99	2525.54
952.73	2524.54
953.46	2524.54
954.19	2528.32
954.92	2526.05
955.65	2525.54
956.39	2523.53
957.12	2524.28
957.85	2527.31
958.58	2524.03
959.31	2525.54
960.04	2524.03
960.78	2525.29
961.51	2526.55
962.24	2525.29
962.97	2525.04
963.70	2523.27
964.43	2525.04
965.16	2525.80
965.89	2524.79
966.62	2526.05
967.35	2523.78
968.08	2525.04
968.81	2524.54
969.54	2524.54
970.27	2525.04
971.00	2525.29
971.73	2525.54
972.46	2524.03
973.19	2524.03
973.92	2524.03
974.65	2525.80
975.38	2527.06
976.11	2524.79
976.84	2525.04
977.57	2523.27
978.30	2524.03
979.03	2524.28
979.76	2524.28
980.48	2524.28
981.21	2523.02
981.94	2525.54
982.67	2524.28
983.40	2528.07
984.13	2524.54
984.85	2524.03
985.58	2523.53
986.31	2523.53
987.04	2522.52
987.77	2520.25
988.49	2522.52
989.22	2521.51
989.95	2521.26
990.68	2521.51
991.40	2522.27
992.13	2523.27
992.86	2522.52
993.59	2523.53
994.31	2524.03
995.04	2524.79
995.77	2524.28
996.49	2525.04
997.22	2524.03
997.95	2524.54
998.67	2522.52
999.40	2521.76
1000.13	2521.76
1000.85	2521.76
