198.93	2522.01
199.74	2523.53
200.55	2522.52
201.35	2523.02
202.16	2523.78
202.97	2522.77
203.77	2524.03
204.58	2524.28
205.38	2522.77
206.19	2524.03
207.00	2527.06
207.80	2524.28
208.61	2523.27
209.41	2524.54
210.22	2523.53
211.02	2525.04
211.83	2524.79
212.64	2523.53
213.44	2523.78
214.25	2523.02
215.05	2523.27
215.86	2523.78
216.66	2523.27
217.47	2524.79
218.27	2524.79
219.08	2523.78
219.88	2521.51
220.69	2523.53
221.49	2528.57
222.30	2523.27
223.10	2524.28
223.90	2523.53
224.71	2527.31
225.51	2527.06
226.32	2524.54
227.12	2523.53
227.93	2524.28
228.73	2546.98
229.53	2524.03
230.34	2523.53
231.14	2524.54
231.95	2523.53
232.75	2524.03
233.55	2524.54
234.36	2523.02
235.16	2522.77
235.96	2525.04
236.77	2525.04
237.57	2532.10
238.38	2525.29
239.18	2524.54
239.98	2523.53
240.78	2525.54
241.59	2524.79
242.39	2523.02
243.19	2523.53
244.00	2524.54
244.80	2526.30
245.60	2524.54
246.41	2526.55
247.21	2524.54
248.01	2525.04
248.81	2525.54
249.62	2524.79
250.42	2526.05
251.22	2524.03
252.02	2525.04
252.83	2523.78
253.63	2524.03
254.43	2524.28
255.23	2526.30
256.03	2525.04
256.84	2523.78
257.64	2522.77
258.44	2525.04
259.24	2525.80
260.04	2525.29
260.84	2524.03
261.65	2524.03
262.45	2524.03
263.25	2524.28
264.05	2526.05
264.85	2525.80
265.65	2524.79
266.45	2524.28
267.25	2524.79
268.06	2524.54
268.86	2524.79
269.66	2524.03
270.46	2524.28
271.26	2525.29
272.06	2524.54
272.86	2525.80
273.66	2524.28
274.46	2524.54
275.26	2525.04
276.06	2525.54
276.86	2524.03
277.66	2524.03
278.46	2527.06
279.26	2526.05
280.06	2525.80
280.86	2525.04
281.66	2524.03
282.46	2524.79
283.26	2525.29
284.06	2524.03
284.86	2524.03
285.66	2524.79
286.46	2523.78
287.26	2525.80
288.06	2525.04
288.86	2523.78
289.66	2525.29
290.46	2524.54
291.26	2524.79
292.06	2524.79
292.85	2524.54
293.65	2525.29
294.45	2525.54
295.25	2524.03
296.05	2524.28
296.85	2523.78
297.65	2524.28
298.45	2526.80
299.24	2525.29
300.04	2525.54
300.84	2524.28
301.64	2524.79
302.44	2524.28
303.24	2524.54
304.03	2523.78
304.83	2524.28
305.63	2524.79
306.43	2525.80
307.23	2526.05
308.02	2523.27
308.82	2524.54
309.62	2523.53
310.42	2524.79
311.21	2525.04
312.01	2524.79
312.81	2530.08
313.61	2524.28
314.40	2526.05
315.20	2524.28
316.00	2524.28
316.79	2524.28
317.59	2524.03
318.39	2524.28
319.18	2525.04
319.98	2524.28
320.78	2524.79
321.57	2524.54
322.37	2525.54
323.17	2525.04
323.96	2524.54
324.76	2523.78
325.56	2524.03
326.35	2525.04
327.15	2525.80
327.95	2525.54
328.74	2524.79
329.54	2524.03
330.33	2525.04
331.13	2525.04
331.92	2525.29
332.72	2525.29
333.52	2523.78
334.31	2531.09
335.11	2525.29
335.90	2525.54
336.70	2524.79
337.49	2524.79
338.29	2522.77
339.08	2527.31
339.88	2525.54
340.67	2525.80
341.47	2523.53
342.26	2524.03
343.06	2525.54
343.85	2527.81
344.65	2526.30
345.44	2522.77
346.24	2524.03
347.03	2524.28
347.83	2527.06
348.62	2526.55
349.41	2522.52
350.21	2522.52
351.00	2524.28
351.80	2526.05
352.59	2525.54
353.38	2524.54
354.18	2522.27
354.97	2524.79
355.77	2525.54
356.56	2527.56
357.35	2525.54
358.15	2524.03
358.94	2523.78
359.73	2526.05
360.53	2526.30
361.32	2533.11
362.11	2524.79
362.91	2525.04
363.70	2524.03
364.49	2525.54
365.29	2527.81
366.08	2526.55
366.87	2524.03
367.66	2523.53
368.46	2527.06
369.25	2525.04
370.04	2524.28
370.83	2524.54
371.63	2524.28
372.42	2526.05
373.21	2524.54
374.00	2524.54
374.79	2525.54
375.59	2526.05
376.38	2524.79
377.17	2523.53
377.96	2523.78
378.75	2525.29
379.55	2526.05
380.34	2524.54
381.13	2525.80
381.92	2524.03
382.71	2525.29
383.50	2525.29
384.29	2525.29
385.09	2525.04
385.88	2523.78
386.67	2525.04
387.46	2524.54
388.25	2526.05
389.04	2525.54
389.83	2525.29
390.62	2525.80
391.41	2525.54
392.20	2525.29
392.99	2526.05
393.78	2525.54
394.57	2523.78
395.36	2523.78
396.16	2526.55
396.95	2525.04
397.74	2522.77
398.53	2523.02
399.32	2526.55
400.11	2527.06
400.90	2526.30
401.68	2524.28
402.47	2524.28
403.26	2525.54
404.05	2526.05
404.84	2527.06
405.63	2526.80
406.42	2525.29
407.21	2522.52
408.00	2526.05
408.79	2527.56
409.58	2528.07
410.37	2527.31
411.16	2525.80
411.95	2526.05
412.73	2527.56
413.52	2530.08
414.31	2526.55
415.10	2526.05
415.89	2526.30
416.68	2529.58
417.47	2527.81
418.25	2528.07
419.04	2526.80
419.83	2524.79
420.62	2530.34
421.41	2528.07
422.19	2528.82
422.98	2528.57
423.77	2525.04
424.56	2526.30
425.34	2529.83
426.13	2528.57
426.92	2528.82
427.71	2527.81
428.49	2527.06
429.28	2530.59
430.07	2528.57
430.86	2528.82
431.64	2528.82
432.43	2528.07
433.22	2527.81
434.00	2527.31
434.79	2529.07
435.58	2528.57
436.36	2527.81
437.15	2527.06
437.94	2527.56
438.72	2528.07
439.51	2527.31
440.30	2527.06
441.08	2527.31
441.87	2527.81
442.66	2529.33
443.44	2527.06
444.23	2529.07
445.01	2526.05
445.80	2528.32
446.58	2527.31
447.37	2527.81
448.16	2528.82
448.94	2530.34
449.73	2527.06
450.51	2525.54
451.30	2527.81
452.08	2527.56
452.87	2528.07
453.65	2526.80
454.44	2525.54
455.22	2526.55
456.01	2529.83
456.79	2528.07
457.58	2527.81
458.36	2527.06
459.15	2525.80
459.93	2529.33
460.72	2531.85
461.50	2526.80
462.28	2525.54
463.07	2525.54
463.85	2525.80
464.64	2528.07
465.42	2530.34
466.20	2526.05
466.99	2526.30
467.77	2528.07
468.56	2527.81
469.34	2527.31
470.12	2526.05
470.91	2525.29
471.69	2527.56
472.47	2528.57
473.26	2527.56
474.04	2525.80
474.82	2525.80
475.61	2526.05
476.39	2530.08
477.17	2527.56
477.96	2526.80
478.74	2524.28
479.52	2526.30
480.30	2527.31
481.09	2527.56
481.87	2527.06
482.65	2524.79
483.43	2526.05
484.22	2530.08
485.00	2528.57
485.78	2527.81
486.56	2525.29
487.34	2526.05
488.13	2527.06
488.91	2526.05
489.69	2526.80
490.47	2526.55
491.25	2525.80
492.04	2525.54
492.82	2526.05
493.60	2526.80
494.38	2527.06
495.16	2526.80
495.94	2526.55
496.72	2527.31
497.50	2526.05
498.29	2525.54
499.07	2526.80
499.85	2525.29
500.63	2525.54
501.41	2525.04
502.19	2525.04
502.97	2526.80
503.75	2526.30
504.53	2525.80
505.31	2524.79
506.09	2525.29
506.87	2524.79
507.65	2526.80
508.43	2525.80
509.21	2524.54
509.99	2524.79
510.77	2526.80
511.55	2529.83
512.33	2527.56
513.11	2525.29
513.89	2523.78
514.67	2523.78
515.45	2527.06
516.23	2527.31
517.01	2525.29
517.79	2524.54
518.57	2524.79
519.34	2526.80
520.12	2526.80
520.90	2525.54
521.68	2524.28
522.46	2523.53
523.24	2525.29
524.02	2527.56
524.80	2529.83
525.57	2523.78
526.35	2523.27
527.13	2525.29
527.91	2527.56
528.69	2527.81
529.46	2523.78
530.24	2524.54
531.02	2525.80
531.80	2527.56
532.58	2525.54
533.35	2526.05
534.13	2524.28
534.91	2525.04
535.69	2528.07
536.46	2526.55
537.24	2523.02
538.02	2523.53
538.80	2525.54
539.57	2527.31
540.35	2528.82
541.13	2525.04
541.90	2525.54
542.68	2526.05
543.46	2526.55
544.23	2526.30
545.01	2551.27
545.79	2524.28
546.56	2524.28
547.34	2528.32
548.12	2527.56
548.89	2525.80
549.67	2524.28
550.44	2525.29
551.22	2526.55
552.00	2527.81
552.77	2525.54
553.55	2525.29
554.32	2526.55
555.10	2525.04
555.87	2527.31
556.65	2525.29
557.43	2522.77
558.20	2523.78
558.98	2526.55
559.75	2525.04
560.53	2525.54
561.30	2524.54
562.08	2524.03
562.85	2525.80
563.63	2524.79
564.40	2524.54
565.17	2524.28
565.95	2525.29
566.72	2526.55
567.50	2527.31
568.27	2525.54
569.05	2524.79
569.82	2525.04
570.60	2526.05
571.37	2527.31
572.14	2525.04
572.92	2526.05
573.69	2524.54
574.46	2525.80
575.24	2527.56
576.01	2524.54
576.79	2524.03
577.56	2524.03
578.33	2527.06
579.11	2526.80
579.88	2526.05
580.65	2526.55
581.42	2526.55
582.20	2526.55
582.97	2528.32
583.74	2527.56
584.52	2523.53
585.29	2525.29
586.06	2526.05
586.83	2527.81
587.61	2527.81
588.38	2523.78
589.15	2525.54
589.92	2524.03
590.69	2526.05
591.47	2526.05
592.24	2524.79
593.01	2523.27
593.78	2526.55
594.55	2526.30
595.33	2526.80
596.10	2524.79
596.87	2524.28
597.64	2525.80
598.41	2526.55
599.18	2526.80
599.95	2525.04
600.73	2524.03
601.50	2525.80
602.27	2528.07
603.04	2526.80
603.81	2524.54
604.58	2527.56
605.35	2525.54
606.12	2525.04
606.89	2527.06
607.66	2525.80
608.43	2524.79
609.20	2523.53
609.97	2526.30
610.74	2527.56
611.51	2527.81
612.28	2527.31
613.05	2524.28
613.82	2524.79
614.59	2527.31
615.36	2526.05
616.13	2525.80
616.90	2526.30
617.67	2526.55
618.44	2525.04
619.21	2525.80
619.98	2526.05
620.75	2526.80
621.52	2526.05
622.29	2524.79
623.05	2525.80
623.82	2526.30
624.59	2527.06
625.36	2526.55
626.13	2524.28
626.90	2523.78
627.67	2525.80
628.43	2527.31
629.20	2525.54
629.97	2527.31
630.74	2526.55
631.51	2526.80
632.28	2525.54
633.04	2528.57
633.81	2525.54
634.58	2525.80
635.35	2525.54
636.11	2525.29
636.88	2525.54
637.65	2525.04
638.42	2526.05
639.18	2525.04
639.95	2524.79
640.72	2526.55
641.48	2525.54
642.25	2525.54
643.02	2524.54
643.79	2525.80
644.55	2527.31
645.32	2527.56
646.09	2525.80
646.85	2523.78
647.62	2524.03
648.38	2525.54
649.15	2526.05
649.92	2526.30
650.68	2523.02
651.45	2523.53
652.22	2525.54
652.98	2526.80
653.75	2526.30
654.51	2526.80
655.28	2523.78
656.04	2523.27
656.81	2526.80
657.57	2527.81
658.34	2527.31
659.10	2524.54
659.87	2524.03
660.64	2525.29
661.40	2528.07
662.17	2528.57
662.93	2524.79
663.69	2522.77
664.46	2524.28
665.22	2526.80
665.99	2528.82
666.75	2527.31
667.52	2523.27
668.28	2524.03
669.05	2525.54
669.81	2530.08
670.57	2526.05
671.34	2524.28
672.10	2523.53
672.87	2525.04
673.63	2525.04
674.39	2527.06
675.16	2525.29
675.92	2523.78
676.68	2523.27
677.45	2525.04
678.21	2528.07
678.97	2526.80
679.74	2525.80
680.50	2524.03
681.26	2523.78
682.03	2525.80
682.79	2527.06
683.55	2525.29
684.31	2524.03
685.08	2523.78
685.84	2525.80
686.60	2527.06
687.36	2527.81
688.12	2525.29
688.89	2524.03
689.65	2524.28
690.41	2527.31
691.17	2525.29
691.93	2526.05
692.70	2523.78
693.46	2527.06
694.22	2525.54
694.98	2528.82
695.74	2526.05
696.50	2522.27
697.27	2524.03
698.03	2526.30
698.79	2526.55
699.55	2527.06
700.31	2523.27
701.07	2525.04
701.83	2526.05
702.59	2526.05
703.35	2524.54
704.11	2524.28
704.87	2523.78
705.63	2524.54
706.39	2526.80
707.15	2527.81
707.91	2525.54
708.67	2523.53
709.43	2525.04
710.19	2527.81
710.95	2526.80
711.71	2525.29
712.47	2524.28
713.23	2523.53
713.99	2524.54
714.75	2527.31
715.51	2526.30
716.27	2525.04
717.03	2523.78
717.79	2523.02
718.55	2525.29
719.31	2525.54
720.07	2526.05
720.82	2523.27
721.58	2523.27
722.34	2524.28
723.10	2525.29
723.86	2526.30
724.62	2525.04
725.38	2524.03
726.13	2524.28
726.89	2526.55
727.65	2525.54
728.41	2527.06
729.17	2524.28
729.92	2525.04
730.68	2526.30
731.44	2523.78
732.20	2526.30
732.95	2524.28
733.71	2525.54
734.47	2526.30
735.23	2526.80
735.98	2525.54
736.74	2525.04
737.50	2524.54
738.25	2526.05
739.01	2525.29
739.77	2524.28
740.52	2524.79
741.28	2524.28
742.04	2524.79
742.79	2526.05
743.55	2524.54
744.31	2526.55
745.06	2524.03
745.82	2524.79
746.57	2525.54
747.33	2526.05
748.09	2524.03
748.84	2525.04
749.60	2526.30
750.35	2526.05
751.11	2525.54
751.86	2525.80
752.62	2526.30
753.37	2526.55
754.13	2526.05
754.88	2526.05
755.64	2525.54
756.39	2524.79
757.15	2528.82
757.90	2525.54
758.66	2524.79
759.41	2527.06
760.17	2524.54
760.92	2524.54
761.68	2527.31
762.43	2528.07
763.18	2525.29
763.94	2526.55
764.69	2526.30
765.45	2525.04
766.20	2525.29
766.95	2525.54
767.71	2525.80
768.46	2524.79
769.21	2527.31
769.97	2525.29
770.72	2525.80
771.48	2524.79
772.23	2524.54
772.98	2527.06
773.73	2524.28
774.49	2524.54
775.24	2526.05
775.99	2526.80
776.75	2524.79
777.50	2524.79
778.25	2524.54
779.00	2528.07
779.76	2524.79
780.51	2525.29
781.26	2524.28
782.01	2524.54
782.76	2524.54
783.52	2525.04
784.27	2526.30
785.02	2525.29
785.77	2525.29
786.52	2524.28
787.27	2524.54
788.03	2524.79
788.78	2525.80
789.53	2526.30
790.28	2524.79
791.03	2525.04
791.78	2525.04
792.53	2525.29
793.28	2528.32
794.03	2525.54
794.79	2525.29
795.54	2525.29
796.29	2526.30
797.04	2526.30
797.79	2525.54
798.54	2527.81
799.29	2525.04
800.04	2526.05
800.79	2527.06
801.54	2525.04
802.29	2525.29
803.04	2524.79
803.79	2526.80
804.54	2529.07
805.29	2524.54
806.04	2525.80
806.78	2525.80
807.53	2527.31
808.28	2524.54
809.03	2524.54
809.78	2525.54
810.53	2540.17
811.28	2525.29
812.03	2527.06
812.78	2523.78
813.52	2525.54
814.27	2526.05
815.02	2524.28
815.77	2525.29
816.52	2523.78
817.27	2525.80
818.01	2524.28
818.76	2525.29
819.51	2525.04
820.26	2524.28
821.01	2523.78
821.75	2526.30
822.50	2525.04
823.25	2525.04
824.00	2523.27
824.74	2526.05
825.49	2525.04
826.24	2526.05
826.98	2524.03
827.73	2524.28
828.48	2525.80
829.23	2525.80
829.97	2526.80
830.72	2525.80
831.47	2524.03
832.21	2526.30
832.96	2525.29
833.70	2527.31
834.45	2525.29
835.20	2523.53
835.94	2523.78
836.69	2525.54
837.43	2526.55
838.18	2526.05
838.93	2522.77
839.67	2525.04
840.42	2525.04
841.16	2526.55
841.91	2525.04
842.65	2525.80
843.40	2523.78
844.14	2525.29
844.89	2526.55
845.63	2525.80
846.38	2524.03
847.12	2525.29
847.87	2523.02
848.61	2524.28
849.36	2525.29
850.10	2525.80
850.85	2524.03
851.59	2524.03
852.33	2525.29
853.08	2525.80
853.82	2527.31
854.57	2527.31
855.31	2524.28
856.05	2524.03
856.80	2524.03
857.54	2527.06
858.28	2526.30
859.03	2526.30
859.77	2522.52
860.51	2524.54
861.26	2525.29
862.00	2525.80
862.74	2526.55
863.49	2525.04
864.23	2524.03
864.97	2525.04
865.71	2524.79
866.46	2524.28
867.20	2525.80
867.94	2525.29
868.68	2524.79
869.43	2531.09
870.17	2526.30
870.91	2524.79
871.65	2524.03
872.39	2524.54
873.14	2526.05
873.88	2525.80
874.62	2525.04
875.36	2525.29
876.10	2523.78
876.84	2525.54
877.58	2525.29
878.33	2525.29
879.07	2523.53
879.81	2524.28
880.55	2525.29
881.29	2526.30
882.03	2525.04
882.77	2524.79
883.51	2523.78
884.25	2525.29
884.99	2526.30
885.73	2527.56
886.47	2525.04
887.21	2524.03
887.95	2525.80
888.69	2526.05
889.43	2526.80
890.17	2524.54
890.91	2524.54
891.65	2523.78
892.39	2525.80
893.13	2525.54
893.87	2525.29
894.61	2523.27
895.35	2524.79
896.09	2525.80
896.83	2525.29
897.56	2525.29
898.30	2524.03
899.04	2525.54
899.78	2524.54
900.52	2525.29
901.26	2523.78
902.00	2525.29
902.73	2529.33
903.47	2523.78
904.21	2525.04
904.95	2526.05
905.69	2525.04
906.42	2525.29
907.16	2527.31
907.90	2524.28
908.64	2525.80
909.37	2525.80
910.11	2525.54
910.85	2525.80
911.59	2525.80
912.32	2524.03
913.06	2527.06
913.80	2523.78
914.53	2524.79
915.27	2526.05
916.01	2524.79
916.74	2526.30
917.48	2525.29
918.22	2525.29
918.95	2525.29
919.69	2524.03
920.43	2524.79
921.16	2526.80
921.90	2526.55
922.63	2526.05
923.37	2523.53
924.10	2525.29
924.84	2525.04
925.58	2525.29
926.31	2527.31
927.05	2525.54
927.78	2525.54
928.52	2524.79
929.25	2525.54
929.99	2524.79
930.72	2525.04
931.46	2529.33
932.19	2526.55
932.93	2524.79
933.66	2525.29
934.39	2525.04
935.13	2524.28
935.86	2524.79
936.60	2525.80
937.33	2526.80
938.07	2524.79
938.80	2525.04
939.53	2525.54
940.27	2526.55
941.00	2525.80
941.73	2524.54
942.47	2524.28
943.20	2525.80
943.93	2524.28
944.67	2525.54
945.40	2526.05
946.13	2524.28
946.87	2524.79
947.60	2525.54
948.33	2525.29
949.06	2525.29
949.80	2525.54
950.53	2525.29
951.26	2525.54
951.99	2526.55
952.73	2527.06
953.46	2526.80
954.19	2528.32
954.92	2524.28
955.65	2526.05
956.39	2526.30
957.12	2526.55
957.85	2528.07
958.58	2524.54
959.31	2524.28
960.04	2525.80
960.78	2527.31
961.51	2526.80
962.24	2525.54
962.97	2524.54
963.70	2525.54
964.43	2527.06
965.16	2527.06
965.89	2526.05
966.62	2524.79
967.35	2525.04
968.08	2525.29
968.81	2526.80
969.54	2526.55
970.27	2524.79
971.00	2523.78
971.73	2525.29
972.46	2525.04
973.19	2525.80
973.92	2525.29
974.65	2523.53
975.38	2525.80
976.11	2526.55
976.84	2527.56
977.57	2525.54
978.30	2524.03
979.03	2523.78
979.76	2524.79
980.48	2526.05
981.21	2524.79
981.94	2524.28
982.67	2523.78
983.40	2529.07
984.13	2526.80
984.85	2527.06
985.58	2524.79
986.31	2522.77
987.04	2524.28
987.77	2522.27
988.49	2522.01
989.22	2521.26
989.95	2521.26
990.68	2522.27
991.40	2524.03
992.13	2523.78
992.86	2522.77
993.59	2522.77
994.31	2523.53
995.04	2526.80
995.77	2527.06
996.49	2526.30
997.22	2522.27
997.95	2524.28
998.67	2524.54
999.40	2524.79
1000.13	2524.79
1000.85	2524.79
