198.93	2520.25
199.74	2521.76
200.55	2523.53
201.35	2525.80
202.16	2524.03
202.97	2523.02
203.77	2521.51
204.58	2523.78
205.38	2524.28
206.19	2523.53
207.00	2527.31
207.80	2522.77
208.61	2524.79
209.41	2524.03
210.22	2524.03
211.02	2524.03
211.83	2522.52
212.64	2523.02
213.44	2523.78
214.25	2524.54
215.05	2523.02
215.86	2524.03
216.66	2524.03
217.47	2524.79
218.27	2522.52
219.08	2524.54
219.88	2523.53
220.69	2525.04
221.49	2527.31
222.30	2523.02
223.10	2524.28
223.90	2525.04
224.71	2526.55
225.51	2523.78
226.32	2523.27
227.12	2523.78
227.93	2525.80
228.73	2546.73
229.53	2523.27
230.34	2522.52
231.14	2524.03
231.95	2524.54
232.75	2522.77
233.55	2524.03
234.36	2521.51
235.16	2523.53
235.96	2526.05
236.77	2525.80
237.57	2531.85
238.38	2523.78
239.18	2525.04
239.98	2525.04
240.78	2525.04
241.59	2523.78
242.39	2523.02
243.19	2523.53
244.00	2527.06
244.80	2526.30
245.60	2524.03
246.41	2525.04
247.21	2523.27
248.01	2524.54
248.81	2524.03
249.62	2524.03
250.42	2524.79
251.22	2523.78
252.02	2525.04
252.83	2526.30
253.63	2524.03
254.43	2523.53
255.23	2524.03
256.03	2524.28
256.84	2523.53
257.64	2524.79
258.44	2524.03
259.24	2524.28
260.04	2523.02
260.84	2523.78
261.65	2526.05
262.45	2523.27
263.25	2523.27
264.05	2525.04
264.85	2523.78
265.65	2526.55
266.45	2524.28
267.25	2524.03
268.06	2522.52
268.86	2523.53
269.66	2525.54
270.46	2525.29
271.26	2524.79
272.06	2522.52
272.86	2524.54
273.66	2526.80
274.46	2526.05
275.26	2522.77
276.06	2523.27
276.86	2523.53
277.66	2525.29
278.46	2528.57
279.26	2523.78
280.06	2523.02
280.86	2524.28
281.66	2525.04
282.46	2525.80
283.26	2524.28
284.06	2524.54
284.86	2525.04
285.66	2527.31
286.46	2525.80
287.26	2524.54
288.06	2524.03
288.86	2523.02
289.66	2525.54
290.46	2524.79
291.26	2523.78
292.06	2523.53
292.85	2525.04
293.65	2527.31
294.45	2525.04
295.25	2523.53
296.05	2522.77
296.85	2524.28
297.65	2526.05
298.45	2525.54
299.24	2523.27
300.04	2522.52
300.84	2525.29
301.64	2526.05
302.44	2524.03
303.24	2523.53
304.03	2522.01
304.83	2525.54
305.63	2526.55
306.43	2525.29
307.23	2525.80
308.02	2522.01
308.82	2524.03
309.62	2525.29
310.42	2525.04
311.21	2523.27
312.01	2522.77
312.81	2530.84
313.61	2525.80
314.40	2525.29
315.20	2523.78
316.00	2523.02
316.79	2525.29
317.59	2525.54
318.39	2524.54
319.18	2524.54
319.98	2523.78
320.78	2525.29
321.57	2525.54
322.37	2524.54
323.17	2524.28
323.96	2524.54
324.76	2524.54
325.56	2524.79
326.35	2524.28
327.15	2524.79
327.95	2524.79
328.74	2525.29
329.54	2526.05
330.33	2524.79
331.13	2523.27
331.92	2523.02
332.72	2524.79
333.52	2524.28
334.31	2531.34
335.11	2522.77
335.90	2525.29
336.70	2525.04
337.49	2527.31
338.29	2523.53
339.08	2526.80
339.88	2524.28
340.67	2525.80
341.47	2526.05
342.26	2525.29
343.06	2524.79
343.85	2525.04
344.65	2525.29
345.44	2525.54
346.24	2524.54
347.03	2524.54
347.83	2524.28
348.62	2525.29
349.41	2524.79
350.21	2523.53
351.00	2524.03
351.80	2524.28
352.59	2524.28
353.38	2525.54
354.18	2525.29
354.97	2526.05
355.77	2523.02
356.56	2524.28
357.35	2525.29
358.15	2526.30
358.94	2523.53
359.73	2523.78
360.53	2525.29
361.32	2532.10
362.11	2525.29
362.91	2525.29
363.70	2525.04
364.49	2524.28
365.29	2527.06
366.08	2526.05
366.87	2523.27
367.66	2523.27
368.46	2528.32
369.25	2525.04
370.04	2524.79
370.83	2525.29
371.63	2524.79
372.42	2526.55
373.21	2526.55
374.00	2523.78
374.79	2524.03
375.59	2524.79
376.38	2525.29
377.17	2525.29
377.96	2524.54
378.75	2523.78
379.55	2524.03
380.34	2525.80
381.13	2526.05
381.92	2524.28
382.71	2523.27
383.50	2524.54
384.29	2524.79
385.09	2527.06
385.88	2523.78
386.67	2523.27
387.46	2524.03
388.25	2525.04
389.04	2527.06
389.83	2527.06
390.62	2524.79
391.41	2522.52
392.20	2524.28
392.99	2526.55
393.78	2526.55
394.57	2523.53
395.36	2522.27
396.16	2524.79
396.95	2526.55
397.74	2526.80
398.53	2524.03
399.32	2524.03
400.11	2524.28
400.90	2526.55
401.68	2525.54
402.47	2524.03
403.26	2525.54
404.05	2523.78
404.84	2526.80
405.63	2528.57
406.42	2526.05
407.21	2522.52
408.00	2523.27
408.79	2525.54
409.58	2527.56
410.37	2526.80
411.16	2525.29
411.95	2525.29
412.73	2526.30
413.52	2530.84
414.31	2529.33
415.10	2525.54
415.89	2524.03
416.68	2528.32
417.47	2526.80
418.25	2530.59
419.04	2527.81
419.83	2525.29
420.62	2528.32
421.41	2526.80
422.19	2528.07
422.98	2528.57
423.77	2526.80
424.56	2525.54
425.34	2529.33
426.13	2529.58
426.92	2529.58
427.71	2527.56
428.49	2526.80
429.28	2529.33
430.07	2528.82
430.86	2529.33
431.64	2529.07
432.43	2528.32
433.22	2528.82
434.00	2528.57
434.79	2529.58
435.58	2525.80
436.36	2526.30
437.15	2526.55
437.94	2529.33
438.72	2528.32
439.51	2527.56
440.30	2525.80
441.08	2525.80
441.87	2527.81
442.66	2528.82
443.44	2527.81
444.23	2526.30
445.01	2525.80
445.80	2528.32
446.58	2528.32
447.37	2529.58
448.16	2528.32
448.94	2529.83
449.73	2527.06
450.51	2527.31
451.30	2529.33
452.08	2527.56
452.87	2526.80
453.65	2525.80
454.44	2526.30
455.22	2528.07
456.01	2528.82
456.79	2527.31
457.58	2525.54
458.36	2527.81
459.15	2526.80
459.93	2527.81
460.72	2528.32
461.50	2527.06
462.28	2527.31
463.07	2525.54
463.85	2526.05
464.64	2525.04
465.42	2529.07
466.20	2527.31
466.99	2527.31
467.77	2525.54
468.56	2525.04
469.34	2526.55
470.12	2528.57
470.91	2527.06
471.69	2527.31
472.47	2526.55
473.26	2526.55
474.04	2527.81
474.82	2528.82
475.61	2525.80
476.39	2526.55
477.17	2525.29
477.96	2527.06
478.74	2527.06
479.52	2527.81
480.30	2524.03
481.09	2524.54
481.87	2527.81
482.65	2530.08
483.43	2526.55
484.22	2527.81
485.00	2524.79
485.78	2526.80
486.56	2528.07
487.34	2528.32
488.13	2526.05
488.91	2524.28
489.69	2525.54
490.47	2529.07
491.25	2527.81
492.04	2526.30
492.82	2523.53
493.60	2526.30
494.38	2527.81
495.16	2527.06
495.94	2525.04
496.72	2525.54
497.50	2525.29
498.29	2525.04
499.07	2527.31
499.85	2526.05
500.63	2526.55
501.41	2525.54
502.19	2525.29
502.97	2525.80
503.75	2526.30
504.53	2526.30
505.31	2525.80
506.09	2525.80
506.87	2524.79
507.65	2526.30
508.43	2525.29
509.21	2524.79
509.99	2525.80
510.77	2525.54
511.55	2527.31
512.33	2525.54
513.11	2526.30
513.89	2526.80
514.67	2525.04
515.45	2526.05
516.23	2526.05
517.01	2526.30
517.79	2526.55
518.57	2523.78
519.34	2525.04
520.12	2524.79
520.90	2527.31
521.68	2526.30
522.46	2523.53
523.24	2524.54
524.02	2525.54
524.80	2529.58
525.57	2525.29
526.35	2523.27
527.13	2523.02
527.91	2525.29
528.69	2527.31
529.46	2525.29
530.24	2523.78
531.02	2523.27
531.80	2525.04
532.58	2526.55
533.35	2528.07
534.13	2524.28
534.91	2524.03
535.69	2526.30
536.46	2526.05
537.24	2526.05
538.02	2524.79
538.80	2523.78
539.57	2526.55
540.35	2527.81
541.13	2527.06
541.90	2524.79
542.68	2524.54
543.46	2525.54
544.23	2526.30
545.01	2553.28
545.79	2525.29
546.56	2524.79
547.34	2526.05
548.12	2529.33
548.89	2526.80
549.67	2524.28
550.44	2525.54
551.22	2524.79
552.00	2527.31
552.77	2525.04
553.55	2524.54
554.32	2525.54
555.10	2526.05
555.87	2527.31
556.65	2525.80
557.43	2525.54
558.20	2524.28
558.98	2524.79
559.75	2524.03
560.53	2524.28
561.30	2526.05
562.08	2524.28
562.85	2524.54
563.63	2525.29
564.40	2526.05
565.17	2523.78
565.95	2526.05
566.72	2525.04
567.50	2525.54
568.27	2523.78
569.05	2525.54
569.82	2527.06
570.60	2526.55
571.37	2525.80
572.14	2525.54
572.92	2525.04
573.69	2524.03
574.46	2525.04
575.24	2525.04
576.01	2525.54
576.79	2524.54
577.56	2524.28
578.33	2525.80
579.11	2526.05
579.88	2526.80
580.65	2527.81
581.42	2526.55
582.20	2524.79
582.97	2527.31
583.74	2527.56
584.52	2526.80
585.29	2526.80
586.06	2523.78
586.83	2524.54
587.61	2528.07
588.38	2526.55
589.15	2526.80
589.92	2524.28
590.69	2524.03
591.47	2526.55
592.24	2526.05
593.01	2525.80
593.78	2526.55
594.55	2525.04
595.33	2525.54
596.10	2525.54
596.87	2524.03
597.64	2526.30
598.41	2526.30
599.18	2526.55
599.95	2524.28
600.73	2525.29
601.50	2524.79
602.27	2526.30
603.04	2526.80
603.81	2526.05
604.58	2526.80
605.35	2524.54
606.12	2525.80
606.89	2527.06
607.66	2525.80
608.43	2525.29
609.20	2524.28
609.97	2525.80
610.74	2528.32
611.51	2526.80
612.28	2525.29
613.05	2523.53
613.82	2524.79
614.59	2527.56
615.36	2525.80
616.13	2525.80
616.90	2525.80
617.67	2527.06
618.44	2525.54
619.21	2525.04
619.98	2525.29
620.75	2526.80
621.52	2525.04
622.29	2524.79
623.05	2524.28
623.82	2526.05
624.59	2526.30
625.36	2526.30
626.13	2524.03
626.90	2523.53
627.67	2524.79
628.43	2527.06
629.20	2526.30
629.97	2526.30
630.74	2527.06
631.51	2526.05
632.28	2526.30
633.04	2529.07
633.81	2525.54
634.58	2524.03
635.35	2525.04
636.11	2524.79
636.88	2527.06
637.65	2526.30
638.42	2525.80
639.18	2525.29
639.95	2524.03
640.72	2525.54
641.48	2526.05
642.25	2526.05
643.02	2523.53
643.79	2524.79
644.55	2527.06
645.32	2526.30
646.09	2526.55
646.85	2524.03
647.62	2524.54
648.38	2525.29
649.15	2525.80
649.92	2526.55
650.68	2525.29
651.45	2524.28
652.22	2524.03
652.98	2526.05
653.75	2525.80
654.51	2526.30
655.28	2525.29
656.04	2523.02
656.81	2525.54
657.57	2525.80
658.34	2527.31
659.10	2523.78
659.87	2525.54
660.64	2524.79
661.40	2526.05
662.17	2527.06
662.93	2525.29
663.69	2523.53
664.46	2524.79
665.22	2525.04
665.99	2527.06
666.75	2526.30
667.52	2524.28
668.28	2525.54
669.05	2525.80
669.81	2528.82
670.57	2526.05
671.34	2524.28
672.10	2523.27
672.87	2525.54
673.63	2525.54
674.39	2524.54
675.16	2522.77
675.92	2523.53
676.68	2524.79
677.45	2528.07
678.21	2525.80
678.97	2523.53
679.74	2523.53
680.50	2526.55
681.26	2526.55
682.03	2527.81
682.79	2524.03
683.55	2522.01
684.31	2524.03
685.08	2526.80
685.84	2527.06
686.60	2525.54
687.36	2522.52
688.12	2524.28
688.89	2526.80
689.65	2527.06
690.41	2525.80
691.17	2522.52
691.93	2523.53
692.70	2525.54
693.46	2528.32
694.22	2525.54
694.98	2524.28
695.74	2523.02
696.50	2525.54
697.27	2528.57
698.03	2526.05
698.79	2523.78
699.55	2522.77
700.31	2525.29
701.07	2526.80
701.83	2526.30
702.59	2524.28
703.35	2524.28
704.11	2524.79
704.87	2526.80
705.63	2524.79
706.39	2524.28
707.15	2525.29
707.91	2526.80
708.67	2525.54
709.43	2526.55
710.19	2525.29
710.95	2525.29
711.71	2524.54
712.47	2526.55
713.23	2524.79
713.99	2524.03
714.75	2525.04
715.51	2525.29
716.27	2527.06
717.03	2524.79
717.79	2524.03
718.55	2524.28
719.31	2524.79
720.07	2525.04
720.82	2524.28
721.58	2524.28
722.34	2523.78
723.10	2525.54
723.86	2525.29
724.62	2525.80
725.38	2524.28
726.13	2525.04
726.89	2524.03
727.65	2525.04
728.41	2527.31
729.17	2524.54
729.92	2524.54
730.68	2526.80
731.44	2524.28
732.20	2526.05
732.95	2526.05
733.71	2523.78
734.47	2524.03
735.23	2524.28
735.98	2525.29
736.74	2526.05
737.50	2524.79
738.25	2524.54
739.01	2524.79
739.77	2526.05
740.52	2525.80
741.28	2523.78
742.04	2525.04
742.79	2524.28
743.55	2525.04
744.31	2525.80
745.06	2527.06
745.82	2524.79
746.57	2524.03
747.33	2524.79
748.09	2524.54
748.84	2525.04
749.60	2525.04
750.35	2526.55
751.11	2525.80
751.86	2526.55
752.62	2525.29
753.37	2525.29
754.13	2524.54
754.88	2525.54
755.64	2526.05
756.39	2526.05
757.15	2528.32
757.90	2524.54
758.66	2524.28
759.41	2528.82
760.17	2524.79
760.92	2524.28
761.68	2525.80
762.43	2526.80
763.18	2526.55
763.94	2527.06
764.69	2525.29
765.45	2525.29
766.20	2523.53
766.95	2525.80
767.71	2527.06
768.46	2526.55
769.21	2526.30
769.97	2523.27
770.72	2524.28
771.48	2525.54
772.23	2526.05
772.98	2525.80
773.73	2522.52
774.49	2524.79
775.24	2526.80
775.99	2526.05
776.75	2525.29
777.50	2522.27
778.25	2523.78
779.00	2527.56
779.76	2526.30
780.51	2525.04
781.26	2522.77
782.01	2523.53
782.76	2524.28
783.52	2527.56
784.27	2525.54
785.02	2523.53
785.77	2524.54
786.52	2525.80
787.27	2525.80
788.03	2525.29
788.78	2524.28
789.53	2524.03
790.28	2524.54
791.03	2526.05
791.78	2526.05
792.53	2524.28
793.28	2526.30
794.03	2526.05
794.79	2526.05
795.54	2526.55
796.29	2524.54
797.04	2525.04
797.79	2526.55
798.54	2528.82
799.29	2526.30
800.04	2524.79
800.79	2526.05
801.54	2525.54
802.29	2525.54
803.04	2527.06
803.79	2525.29
804.54	2528.57
805.29	2525.29
806.04	2525.80
806.78	2526.30
807.53	2526.80
808.28	2523.53
809.03	2525.54
809.78	2525.54
810.53	2541.43
811.28	2524.54
812.03	2525.80
812.78	2525.54
813.52	2527.06
814.27	2525.80
815.02	2524.79
815.77	2524.54
816.52	2524.79
817.27	2525.80
818.01	2524.54
818.76	2524.03
819.51	2525.29
820.26	2524.79
821.01	2525.04
821.75	2524.03
822.50	2523.27
823.25	2522.77
824.00	2525.04
824.74	2527.06
825.49	2525.80
826.24	2524.28
826.98	2523.78
827.73	2524.03
828.48	2527.06
829.23	2527.06
829.97	2523.53
830.72	2523.53
831.47	2525.29
832.21	2526.30
832.96	2525.29
833.70	2525.29
834.45	2525.04
835.20	2524.54
835.94	2526.05
836.69	2526.05
837.43	2524.28
838.18	2524.03
838.93	2526.05
839.67	2526.55
840.42	2526.55
841.16	2524.03
841.91	2525.80
842.65	2525.29
843.40	2525.54
844.14	2526.05
844.89	2525.29
845.63	2523.53
846.38	2523.53
847.12	2524.79
847.87	2524.54
848.61	2525.04
849.36	2524.54
850.10	2524.79
850.85	2525.04
851.59	2524.79
852.33	2524.54
853.08	2523.53
853.82	2524.54
854.57	2527.06
855.31	2527.06
856.05	2526.55
856.80	2524.03
857.54	2523.02
858.28	2524.28
859.03	2526.05
859.77	2525.80
860.51	2524.28
861.26	2524.03
862.00	2523.02
862.74	2525.54
863.49	2525.80
864.23	2524.54
864.97	2524.79
865.71	2523.78
866.46	2523.78
867.20	2526.55
867.94	2526.55
868.68	2525.29
869.43	2530.59
870.17	2525.29
870.91	2525.29
871.65	2525.04
872.39	2525.04
873.14	2524.54
873.88	2524.28
874.62	2525.80
875.36	2526.55
876.10	2524.28
876.84	2524.54
877.58	2524.03
878.33	2525.29
879.07	2523.53
879.81	2524.79
880.55	2524.03
881.29	2523.78
882.03	2524.54
882.77	2526.55
883.51	2525.80
884.25	2523.78
884.99	2525.54
885.73	2526.80
886.47	2527.06
887.21	2525.54
887.95	2525.29
888.69	2525.54
889.43	2525.04
890.17	2525.04
890.91	2525.54
891.65	2523.78
892.39	2524.28
893.13	2525.29
893.87	2525.04
894.61	2525.54
895.35	2524.54
896.09	2525.54
896.83	2524.28
897.56	2525.80
898.30	2524.28
899.04	2525.54
899.78	2524.79
900.52	2524.28
901.26	2524.28
902.00	2525.04
902.73	2528.57
903.47	2525.29
904.21	2524.79
904.95	2525.04
905.69	2524.54
906.42	2525.04
907.16	2528.07
907.90	2525.04
908.64	2525.54
909.37	2524.03
910.11	2524.54
910.85	2525.54
911.59	2527.31
912.32	2525.04
913.06	2524.79
913.80	2523.53
914.53	2523.78
915.27	2526.80
916.01	2527.06
916.74	2525.54
917.48	2524.54
918.22	2524.79
918.95	2525.54
919.69	2525.80
920.43	2524.79
921.16	2525.29
921.90	2522.52
922.63	2525.04
923.37	2526.80
924.10	2525.29
924.84	2524.03
925.58	2523.78
926.31	2526.05
927.05	2525.54
927.78	2526.80
928.52	2524.79
929.25	2524.28
929.99	2525.80
930.72	2527.56
931.46	2530.08
932.19	2525.54
932.93	2524.03
933.66	2526.05
934.39	2527.06
935.13	2525.04
935.86	2524.54
936.60	2523.27
937.33	2525.29
938.07	2527.56
938.80	2526.55
939.53	2523.78
940.27	2525.54
941.00	2525.04
941.73	2526.80
942.47	2526.05
943.20	2524.28
943.93	2523.78
944.67	2524.03
945.40	2526.05
946.13	2525.29
946.87	2525.29
947.60	2524.28
948.33	2524.28
949.06	2525.29
949.80	2527.56
950.53	2527.31
951.26	2525.04
951.99	2524.03
952.73	2524.79
953.46	2526.30
954.19	2529.58
954.92	2525.04
955.65	2525.04
956.39	2524.79
957.12	2525.54
957.85	2528.82
958.58	2525.80
959.31	2525.80
960.04	2525.29
960.78	2526.80
961.51	2525.29
962.24	2525.80
962.97	2525.80
963.70	2525.04
964.43	2525.54
965.16	2525.04
965.89	2525.80
966.62	2527.06
967.35	2524.79
968.08	2525.04
968.81	2524.79
969.54	2525.04
970.27	2525.54
971.00	2525.29
971.73	2525.04
972.46	2523.78
973.19	2525.29
973.92	2524.79
974.65	2525.54
975.38	2525.80
976.11	2524.79
976.84	2525.29
977.57	2526.05
978.30	2525.80
979.03	2526.55
979.76	2522.52
980.48	2523.27
981.21	2525.80
981.94	2526.55
982.67	2525.04
983.40	2527.81
984.13	2525.29
984.85	2526.55
985.58	2525.29
986.31	2524.54
987.04	2523.78
987.77	2521.76
988.49	2523.53
989.22	2524.03
989.95	2521.51
990.68	2520.25
991.40	2522.77
992.13	2525.04
992.86	2524.79
993.59	2524.28
994.31	2522.77
995.04	2523.53
995.77	2525.80
996.49	2526.55
997.22	2524.79
997.95	2523.78
998.67	2521.76
999.40	2524.03
1000.13	2524.03
1000.85	2524.03
